0 0 0 218.515 6.09692 216.929 5.07876 210.675 5.61665 215.818 6.9185 212.905 5.30281 213.055 5.53323 213.934 5.6193 213.994 5.62951 215.503 7.05703 215.685 4.74461 206.635 5.83567 215.292 6.66518 213.336 4.12369
0 0 1 217.693 1.5806 223.299 1.77159 221.328 1.69739 215.387 1.65535 215.412 1.73 212.738 1.68664 212.237 1.62936 215.341 1.64845 216.911 1.60838 213.395 1.62728 218.026 1.66818 214.639 1.62229 217.052 1.55278
0 0 2 223.077 6.3546 224.707 5.05356 221.559 5.86936 226.347 7.14676 229.644 5.4976 228.651 5.76854 230.084 5.6437 226.356 5.85818 221.828 7.27254 228.557 5.05787 228.009 5.88372 231.582 6.82506 226.497 4.46731
0 0 3 218.048 1.69667 215.657 1.69247 224.875 1.70731 221.618 1.65669 213.675 1.71033 217.689 1.62862 214.066 1.52387 212.202 1.6217 212.506 1.60905 216.881 1.71308 217.197 1.71589 213.287 1.65104 213.624 1.62389
0 0 4 219.732 6.32829 216.127 5.13646 220.012 5.85079 224.754 7.31064 218.947 5.4854 224.406 5.65015 220.332 5.59128 225.163 5.89674 221.58 7.32001 223.193 5.04549 217.567 5.83686 217.083 6.72305 217.836 4.42682
0 0 5 216.64 1.6898 215.858 1.72107 221.997 1.74206 217.049 1.63609 222.731 1.76345 215.844 1.65426 216.058 1.61893 220.887 1.66809 220.601 1.64131 215.56 1.70955 218.259 1.68063 217.653 1.65598 221.353 1.6131
0 0 6 222.554 6.2676 215.734 5.07693 213.278 5.68223 219.156 7.16115 215.129 5.49766 212.602 5.55328 222.928 5.59035 219.748 5.95372 217.733 7.26512 209.082 4.92922 218.379 5.65751 215.57 6.852 217.842 4.4555
0 0 7 220.003 1.70695 218.376 1.69517 219.243 1.71739 224.205 1.76382 222.35 1.68469 224.865 1.64994 219.772 1.61188 220.323 1.64483 223.741 1.72933 220.017 1.6955 219.678 1.70187 226.521 1.65081 221.96 1.51566
0 0 8 233.226 6.29834 235.104 4.9331 236.304 5.84908 232.639 7.10569 236.305 5.40093 227.847 5.54856 231.465 5.59884 226.371 5.83111 232.267 7.27185 230.628 5.01878 235.578 5.6999 225.043 6.92828 228.147 4.51419
0 0 9 218.985 1.64654 217.882 1.69167 226.586 1.69203 213.445 1.63015 223.244 1.78682 222.591 1.69581 222.095 1.60549 221.543 1.63205 226.376 1.66927 220.304 1.64669 223.479 1.71102 222.802 1.66487 223.032 1.58717
0 0 10 216.021 3.92294 224.399 3.27221 221.594 3.7024 219.367 4.4742 223.852 3.44266 221.493 3.4494 218.272 3.41726 218.077 3.73372 223.672 4.14349 219.722 3.02767 222.564 3.73568 217.444 3.91535 219.463 2.87404
0 0 11 221.387 1.70757 221.251 1.75717 224.377 1.75863 216.751 1.67144 221.888 1.69487 219.954 1.63997 224.789 1.68776 222.463 1.65745 219.394 1.60017 219.457 1.71006 222.425 1.76202 221.08 1.66521 229.489 1.59827
0 0 12 221.14 6.21644 216.805 5.09063 214.319 5.71673 214.052 6.97913 216.431 5.46278 219.795 5.58778 220.405 5.61052 225.73 5.95094 215.374 7.29262 218.372 4.96815 220.009 5.71173 220.115 6.82222 223.632 4.42982
0 0 13 220.205 1.72933 215.734 1.68006 221.006 1.72953 217.639 1.6673 219.782 1.72229 229.775 1.68094 226.457 1.67077 217.513 1.71067 217.79 1.6537 210.884 1.6585 219.661 1.6578 214.542 1.64695 222.511 1.57107
0 0 14 218.78 6.20429 222.905 5.05209 211.591 5.83428 219.15 7.02436 213.151 5.35408 210 5.48196 213.754 5.56468 215.136 5.87953 215.526 7.16649 214.136 4.91965 212.752 5.68184 216.292 6.72552 214.624 4.32039
0 0 15 230.702 1.62956 220.257 1.71368 228.342 1.73091 228.486 1.63455 219.95 1.66282 223.813 1.72691 224.994 1.68467 222.148 1.7058 224.649 1.67746 220.014 1.67784 224.385 1.71559 214.083 1.59565 227.624 1.65891
0 0 16 217.732 6.13147 217.556 5.03756 216.461 5.77644 219.058 7.0249 221.109 5.48099 218.729 5.56557 218.257 5.62409 214.297 5.80707 218.739 7.35066 217.435 4.95563 219.433 5.75031 223.476 6.88278 219.716 4.34928
0 0 17 218.649 1.71005 221.358 1.7823 222.296 1.74775 216.017 1.63761 215.51 1.67132 220.484 1.69306 222.913 1.70124 216.439 1.62236 215.555 1.61882 214.386 1.72173 212.593 1.66473 222.885 1.62486 217.296 1.64397
0 0 18 221.435 6.21934 217.923 4.93808 216.252 5.76623 215.633 7.00503 216.868 5.35486 214.98 5.49846 217.451 5.54635 217.531 5.82278 214.218 7.28906 213.205 4.9673 214.96 5.65268 220.974 6.74309 217.193 4.27372
0 0 19 218.551 1.65574 222 1.74566 223.159 1.75138 223.194 1.73207 216.782 1.68446 228.378 1.65596 223.936 1.64703 221.576 1.72804 217.891 1.59187 220.946 1.74184 220.59 1.74836 223.685 1.73398 220.957 1.65948
0 0 20 225.539 6.21095 225.284 4.97292 225.672 5.84882 218.812 6.97576 226.123 5.53486 219.121 5.50319 220.844 5.56662 222.178 5.9666 221.905 7.30137 224.514 4.996 224.587 5.76587 226.645 6.7067 224.592 4.44185
0 0 21 218.363 1.62358 214.302 1.67581 219.6 1.70149 218.078 1.68029 216.852 1.70773 214.772 1.65376 218.633 1.66604 220.056 1.70349 220.483 1.61787 215.043 1.68749 215.114 1.65676 218.344 1.72188 220.767 1.57399
0 0 22 218.542 6.06841 223.864 5.02 218.707 5.81438 216.991 7.03397 216.485 5.36802 225.13 5.57143 217.561 5.51541 216.16 5.84908 212.813 7.19172 220.366 5.02316 217.393 5.62345 214.398 6.70919 219.158 4.33321
0 0 23 218.688 1.59816 218.538 1.66232 214.757 1.71401 217.329 1.66608 219.255 1.75678 215.963 1.69294 224.85 1.67106 213.024 1.65926 216.601 1.64481 222.145 1.69693 213.248 1.63599 220.871 1.64221 219.991 1.58202
0 0 24 218.979 6.11858 217.118 4.97368 214.461 5.80148 217.867 7.04361 220.339 5.46032 217.225 5.45256 213.185 5.58646 214.831 5.8506 215.149 7.29238 221.79 5.10248 217.091 5.64906 224.579 6.93958 219.006 4.33775
0 0 25 217.381 1.68081 218.843 1.7258 225.878 1.70327 218.416 1.67096 219.05 1.69947 223.862 1.66275 219.853 1.54085 229.632 1.6436 213.894 1.62157 218.014 1.73772 221.165 1.67979 218.771 1.65996 222.359 1.68334
0 0 26 228.777 5.69311 221.87 4.49664 230.603 5.35104 224.217 6.43166 226.314 4.9865 224.87 5.07442 223.124 5.11081 227.08 5.42957 221.555 6.47497 222.273 4.585 228.877 5.2226 223.327 6.19288 214.759 3.88769
0 0 27 230.104 1.67914 224.891 1.71398 227.513 1.67867 225.746 1.67057 227.168 1.69355 222.905 1.71941 226.734 1.62311 222.074 1.78449 224.598 1.66754 227.568 1.66717 222.877 1.71281 225.759 1.72441 221.695 1.64501
0 0 28 218.473 6.18508 218.438 5.07727 217.696 5.83022 219.162 7.10795 213.689 5.45275 215.242 5.50391 220.168 5.70728 219.537 5.96324 215.037 7.24936 218.963 5.14354 220.644 5.75534 218.848 6.94822 225.431 4.49564
0 0 29 229.935 1.70308 233.899 1.64854 225.159 1.76949 230.28 1.63046 228.146 1.82146 226.216 1.68121 230.954 1.68405 227.501 1.63624 227.56 1.67103 223.957 1.68917 228.08 1.63975 233.903 1.6295 222.494 1.61084
0 0 30 219.247 6.30016 224.757 5.12047 221.571 5.94772 223.156 7.35468 222.317 5.62488 218.153 5.68351 215.006 5.63843 220.843 5.95997 223.67 7.45311 222.46 5.2763 225.45 5.65456 220.691 7.0647 221.879 4.51909
0 0 31 224.217 1.77544 212.979 1.62711 214.922 1.71006 219.228 1.63325 222.513 1.77059 221.424 1.67429 222.038 1.62576 215.021 1.68503 212.397 1.62353 214.599 1.63634 215.994 1.65206 212.582 1.62618 219.609 1.60356
0 0 32 213.467 44.0975 226.604 43.0195 218.739 41.958 216.668 44.1182 215.064 39.6946 218.536 41.9724 226.835 41.5059 220.869 40.4096 225.167 42.9565 218.989 38.6928 222.615 43.0638 221.192 40.8219 221.966 42.8752
0 0 33 223.554 1.71741 215.376 1.63657 221.313 1.8636 214.055 1.69831 221.193 1.74547 212.444 1.6048 212.671 1.52289 218.73 1.60898 217.532 1.57627 221.807 1.76685 216.199 1.72301 224.163 1.71934 218.647 1.58977
0 0 34 219.896 6.30036 217.719 5.10201 220.528 5.83542 219.095 7.18216 213.681 5.44892 222.141 5.71869 213.688 5.66255 213.136 5.89767 218.161 7.36429 212.003 5.04553 213.655 5.63144 216.117 6.94394 223.305 4.62244
0 0 35 222.955 1.7409 225.328 1.69453 218.217 1.68428 219.572 1.6887 222.84 1.71 219.032 1.68965 222.419 1.62907 208.493 1.67033 214.569 1.64294 219.744 1.7031 218.934 1.67221 216.275 1.70251 222.966 1.60601
0 0 36 216.619 6.32249 221.331 5.34737 222.075 5.86516 216.708 7.19415 218.756 5.42837 215.637 5.50354 214.595 5.67963 213.228 5.81551 215.543 7.31758 217.494 5.09567 212.142 5.61106 212.94 6.86333 214.043 4.42704
0 0 37 229.78 1.65265 232.598 1.71081 227.342 1.65909 229.023 1.59099 226.232 1.73424 228.746 1.71758 227.486 1.63632 228.46 1.66987 234.388 1.54866 229.372 1.68233 226.444 1.70692 232.499 1.69717 231.951 1.66106
0 0 38 213.598 6.24137 214.453 4.87468 217.038 5.81066 225.046 7.20093 215.521 5.46624 214.424 5.53967 222.694 5.5692 216.878 5.95832 217.744 7.33129 215.392 5.04128 218.803 5.74963 218.676 6.85135 221.672 4.42195
0 0 39 228.283 1.73732 223.713 1.84067 229.986 1.742 229.803 1.6312 228.087 1.75399 233.104 1.63382 227.419 1.62195 223.647 1.65135 225.733 1.76667 229.409 1.66096 233.61 1.64475 227.43 1.7075 230.598 1.66063
0 0 40 213.661 6.30602 214.095 4.97597 220.032 5.86729 223.543 7.34923 215.373 5.40138 220.87 5.62292 216.064 5.66569 216.439 5.898 216.69 7.2434 223.219 5.2808 216.39 5.73328 218.997 6.81247 216.603 4.42215
0 0 41 215.226 1.68573 215.967 1.68411 215.322 1.68479 213.934 1.64955 219.291 1.69833 217.608 1.67082 214.145 1.59186 215.893 1.66314 211.359 1.62956 212.494 1.59722 215.689 1.65994 219.897 1.65359 211.322 1.60096
0 0 42 224.366 6.44066 228.024 4.93323 221.33 5.91052 217.737 7.16104 218.602 5.52497 220.061 5.59326 221.838 5.72464 223.745 6.0527 219.009 7.31338 217.662 4.982 218.191 5.72947 221.934 6.88537 215.279 4.30449
0 0 43 216.914 1.67127 217.05 1.70983 218.368 1.7514 218.757 1.63559 219.277 1.72601 217.375 1.67478 218.069 1.60952 216.709 1.72562 216.043 1.61739 218.582 1.6986 217.02 1.68356 219.327 1.66608 220.284 1.60534
0 0 44 232.973 6.49468 233.944 5.21716 232.646 5.83514 234.292 7.24579 225.011 5.62905 234.991 5.81189 228.558 5.86834 235.718 5.98867 234.534 7.53471 238.435 5.41895 234.274 5.77295 236.467 7.17822 233.966 4.67003
0 0 45 214.179 1.61585 216.648 1.69676 219.948 1.69146 207.043 1.59148 218.249 1.76236 217.695 1.74086 217.136 1.56978 213.65 1.62207 216.029 1.72683 218.142 1.66592 216.276 1.58356 213.203 1.60279 213.807 1.64186
0 0 46 226.339 3.19566 227.37 2.63386 227.797 2.94284 228.465 3.66758 223.148 2.80412 222.588 2.95308 212.387 2.86604 224.098 3.09291 231.595 3.30963 221.429 2.70218 224.322 3.12176 225.848 3.29493 224.227 2.42299
0 0 47 224.943 1.64382 218.669 1.63982 224.475 1.79858 218.225 1.66259 216.697 1.66806 218.715 1.64479 230.081 1.62862 220.54 1.69281 222.261 1.65676 219.685 1.648 222.111 1.71192 226.65 1.70063 229.052 1.70451
0 0 48 220.914 44.6536 215.633 43.5557 222.939 42.3707 224.665 44.8574 213.723 40.1631 219.418 42.4855 225.315 42.1494 220.973 40.8893 223.23 43.5263 223.381 39.4099 226.211 43.5294 219.989 41.2579 226.98 43.2379
0 0 49 215.869 1.6746 226.089 1.70913 221.875 1.71746 220.951 1.77178 221.008 1.7609 218.138 1.66448 223.353 1.70598 227.036 1.70492 218.342 1.56681 218.324 1.68809 221.248 1.67556 220.908 1.68004 221.069 1.64731
0 0 50 234.899 3.95456 231.74 3.16092 226.284 3.64519 228.702 4.48257 231.515 3.33018 235.905 3.45988 233.341 3.59743 235.748 3.68716 231.612 4.25908 231.33 3.22885 230.672 3.69851 225.679 4.0243 225.109 2.93015
0 0 51 219.741 1.64251 228.03 1.66206 216.336 1.63565 220.159 1.65199 225.339 1.76488 228.403 1.62431 224.769 1.65308 222.424 1.6775 220.399 1.63254 220.616 1.7911 223.137 1.75203 220.88 1.61205 222.026 1.68732
0 0 52 222.497 6.46142 224.811 5.19783 217.925 5.83345 217.671 7.36976 216.678 5.57253 218.948 5.62545 213.11 5.60136 220.596 6.01953 217.339 7.39524 215.668 5.01705 215.393 5.72985 211.911 6.86343 216.583 4.48516
0 0 53 219.369 1.64048 218.361 1.72346 221.832 1.73644 216.934 1.65305 217.185 1.69676 228.582 1.7382 215.936 1.6205 216.617 1.6393 218.362 1.70056 221.915 1.75441 223.137 1.75041 215.774 1.69874 218.687 1.64427
0 0 54 216.426 6.18902 213.808 5.0858 214.336 5.74254 211.038 7.13627 214.978 5.50218 215.928 5.55486 212.486 5.64366 218.507 5.89831 211.06 7.2769 216.616 5.07423 211.177 5.59789 215.625 6.89376 213.905 4.36281
0 0 55 217.884 1.72902 217.462 1.70103 216.255 1.73251 216.26 1.661 216.084 1.6849 216.467 1.65842 225.847 1.68886 221.383 1.63022 222.276 1.66395 215.233 1.713 214.65 1.68443 219.754 1.67298 219.848 1.609
0 0 56 216.664 3.97799 215.29 3.17422 214.499 3.48506 214.026 4.438 220.238 3.32159 219.481 3.47267 210.662 3.51275 216.08 3.72689 215.621 4.30181 215.179 3.02157 217.142 3.75491 214.905 3.97408 210.784 2.78689
0 0 57 217.946 1.64483 219.704 1.73582 217.391 1.6907 216.283 1.69174 216.176 1.71815 211.591 1.59961 215.572 1.53635 213.056 1.62503 217.822 1.63559 216.855 1.70361 220.154 1.70611 218.02 1.71531 225.44 1.63276
0 0 58 224.289 6.39079 225.518 5.33227 221.681 5.83367 217.237 7.22763 226.524 5.69757 219.867 5.62516 222.396 5.80132 226.864 5.88054 220.422 7.36895 225.972 5.34378 223.687 5.69238 227.779 7.10543 228.555 4.74462
0 0 59 219.896 1.67737 209.491 1.72561 215.835 1.65379 215.188 1.62245 210.224 1.63819 213.323 1.6246 213.026 1.5514 212.754 1.59985 223.58 1.67362 213.912 1.69413 211.991 1.68534 210.676 1.54624 218.172 1.57901
0 0 60 223.729 12.0942 219.237 11.1585 222.643 14.3645 216.28 18.2337 222.392 17.5144 220.086 13.4873 221.107 13.6941 223.404 13.2552 223.25 13.8246 220.278 10.8926 219.712 11.7502 222.748 12.2322 218.971 12.1933
0 0 61 227.452 1.67549 218.379 1.72136 229.267 1.66591 224.35 1.70233 224.756 1.75359 218.729 1.681 225.468 1.60216 227.3 1.60741 224.73 1.67522 227.219 1.70073 227.889 1.6492 223.45 1.75944 226.621 1.57013
0 0 62 218.339 6.42107 219.402 5.31418 221.133 6.06101 223.514 7.57361 216.922 5.64094 217.594 5.83236 215.997 5.90997 224.777 6.00798 220.974 7.55379 221.869 5.38991 218.812 5.68489 221.052 7.11451 222.848 4.64391
0 0 63 217.435 1.65522 218.275 1.72127 218.51 1.73474 215.616 1.64288 214.549 1.67063 223.948 1.69511 218.462 1.5948 216.134 1.67986 214.339 1.62239 215.693 1.61392 214.835 1.68487 221.181 1.71428 214.115 1.59147
0 1 0 252.06 10.2593 252.068 9.56439 257.209 11.8382 252.465 14.8246 247.261 14.2484 254.928 11.26 250.561 11.6494 255.872 11.0241 254.29 11.685 253.261 9.44872 250.584 10.1865 249.378 10.8308 260.063 9.8644
0 1 1 248.607 1.42485 239.299 1.40247 246.072 1.46771 252.069 1.47654 240.829 1.57766 245.643 1.58131 243.029 1.51649 251.285 1.45828 250.02 1.60357 237.324 1.60351 242.06 1.64494 235.115 1.56741 243.713 1.62352
0 1 2 239.967 14.0952 227.509 12.8176 238.287 16.9781 239.841 21.0841 231.387 20.3637 241.827 15.6223 237.98 16.0698 234.97 15.4756 237.529 16.2937 238.938 13.0156 240.67 13.2493 242.788 14.0794 237.601 14.0463
0 1 3 236.872 1.60496 233.754 1.4232 242.939 1.49174 248.405 1.51615 247.185 1.44923 238.922 1.54183 238.347 1.56218 239.73 1.56219 237.491 1.61617 244.293 1.55108 242.761 1.56338 240.725 1.55657 244.394 1.56568
0 1 4 237.384 8.15283 235.479 7.7468 243.058 9.21732 239.095 11.5503 238.067 10.9151 240.723 8.9818 236.962 9.1898 235.893 8.986 237.833 9.46535 239.102 7.47844 242.296 8.47036 239.817 9.13262 238.661 7.86305
0 1 5 245.509 1.48 241.127 1.39051 234.583 1.72777 245.772 1.47323 245.406 1.5101 239.781 1.58283 241.555 1.5943 242.175 1.54139 242.253 1.59718 241.628 1.50213 241.419 1.68235 237.88 1.58877 243.313 1.54144
0 1 6 242.464 5.85529 237.006 4.55927 245.832 5.39518 246.043 6.0857 236.832 5.11545 243.957 5.3447 246.855 5.12975 241.193 5.76917 242.121 7.05539 242.926 4.71159 242.635 5.52367 243.069 6.51565 242.589 4.23798
0 1 7 234.241 1.66143 240.343 1.44545 232.07 1.62617 232.798 1.57641 233.695 1.64472 231.997 1.60421 235.087 1.62121 233.012 1.59371 231.704 1.63871 231.503 1.62018 230.342 1.66493 227.272 1.60688 231.422 1.58014
0 1 8 229.223 5.9787 235.725 4.70283 236.388 5.46184 232.65 6.44736 237.364 5.3433 233.513 5.6074 231.084 5.27853 231.653 5.93745 232.448 7.31242 236.207 4.98289 234.661 5.57739 241.352 6.92151 235.224 4.42255
0 1 9 235.682 1.6247 241.781 1.48344 237.096 1.69897 246.014 1.49848 237.417 1.57787 242.588 1.57069 239.046 1.54626 240.828 1.49581 240.48 1.62846 240.56 1.59967 241.527 1.62731 235.573 1.59637 237.54 1.5942
0 1 10 234.161 5.95902 236.497 4.51575 233.067 5.38044 232.665 6.29504 234.986 5.21443 227.331 5.47272 226.332 5.08732 232.371 5.90142 230.595 7.0751 234.773 4.63001 231.382 5.63891 223.777 6.49235 236.54 4.26845
0 1 11 246.527 1.45135 243.154 1.53846 243.667 1.53289 243.24 1.5254 242.882 1.59749 244.331 1.55299 242.448 1.56697 244.902 1.54629 239.773 1.62688 246.352 1.50786 239.803 1.68573 243.355 1.54766 239.908 1.58935
0 1 12 246.327 5.98261 245.476 4.54898 242.197 5.5143 246.676 6.18542 244.373 5.27917 238.187 5.50526 245.535 5.33504 242.131 5.93192 239.56 7.25 243.19 4.79709 237.313 5.64363 240.819 6.58679 245.014 4.27803
0 1 13 236.979 1.51859 232.678 1.46543 237.316 1.6246 232.431 1.50801 234.675 1.68059 238.481 1.58762 231.679 1.53889 232.392 1.56775 239.33 1.60906 236.142 1.54009 236.855 1.66032 233.304 1.60925 245.572 1.50402
0 1 14 244.693 5.89628 250.929 4.65378 249.6 5.4859 243.309 6.3478 245.63 5.36698 248.804 5.66212 241.171 5.26493 249.543 5.88001 241.264 7.29936 247.872 4.96958 255.744 5.4252 246.301 6.74662 249.371 4.45965
0 1 15 234.179 1.64325 236.494 1.46405 234.516 1.55867 240.523 1.52277 234.613 1.59363 234.294 1.61764 230.751 1.57347 234.478 1.60866 237.17 1.66867 234.744 1.48954 236.846 1.61871 234.106 1.56161 239.592 1.67817
0 1 16 231.351 2.91984 227.473 2.26777 226.528 2.75049 228.13 2.93728 228.849 2.64937 232.986 2.64353 229.636 2.58839 231.899 3.01065 238.796 3.14429 231.46 2.478 227.909 2.85204 227.327 2.96434 231.147 2.46908
0 1 17 249.827 1.393 245.382 1.54782 243.71 1.58344 240.254 1.54285 244.619 1.56484 249.245 1.56527 242.896 1.53029 240.258 1.52773 239.129 1.61457 244.523 1.47885 243.365 1.58996 256.378 1.37734 245.678 1.54246
0 1 18 242.509 6.11983 243.172 4.73313 239.261 5.60345 242.462 6.40448 240.423 5.45548 237.674 5.68486 250.092 5.24185 239.932 6.04372 245.164 7.33118 246.619 5.0303 236.823 5.62023 250.653 6.87611 243.968 4.51519
0 1 19 239.259 1.59657 239.896 1.41147 247.481 1.60987 242.714 1.4905 242.88 1.55912 236.233 1.56519 243.832 1.47844 240.344 1.50968 244.667 1.58598 239.832 1.5893 244.835 1.61229 240.702 1.52628 247.845 1.56251
0 1 20 239.378 5.88101 239.686 4.5854 237.983 5.48302 236.09 6.1916 236.095 5.09813 243.66 5.63845 239.329 5.16167 235.715 5.8423 235.741 7.20287 238.702 4.73793 239.45 5.56005 238.693 6.66776 240.963 4.34057
0 1 21 239.929 1.58704 244.607 1.46019 243.209 1.60341 246.578 1.53042 241.328 1.66413 237.945 1.61759 245.801 1.56667 238.54 1.5558 238.253 1.59358 240.099 1.56263 239.775 1.62707 236.295 1.58123 241.339 1.66436
0 1 22 245.199 3.66029 246.991 2.58293 243.841 3.35453 245.699 3.75505 244.199 3.27664 247.421 3.29464 244.72 3.12079 242.22 3.6427 242.382 4.0966 241.474 2.79903 235.575 3.56452 238.719 3.63384 242.555 2.80187
0 1 23 242.185 1.55127 238.059 1.39612 243.806 1.56408 239.575 1.53433 240.689 1.58643 237.709 1.57209 245.379 1.50279 237.558 1.5742 243.394 1.65837 240.707 1.60154 241.593 1.64926 246.837 1.4676 242.486 1.5838
0 1 24 237.351 6.02785 242.343 4.72504 236.962 5.47789 240.896 6.31776 239.162 5.31331 241.112 5.61867 238.945 5.2017 236.991 5.98539 236.879 7.19094 234.443 4.77709 241.84 5.58362 237.628 6.6672 241.655 4.44785
0 1 25 236.708 1.53667 238.538 1.50738 240.223 1.59874 234.04 1.58519 236.154 1.58293 237.772 1.56604 243.208 1.56277 237.958 1.582 236.129 1.66883 240.67 1.52235 238.174 1.56566 240.725 1.51553 243.626 1.57881
0 1 26 243.19 3.6203 237.414 2.64128 237.049 3.27492 240.364 3.64863 238.496 3.17961 241.173 3.32297 237.159 3.07904 241.718 3.57962 235.356 3.99562 238.986 2.88261 239.952 3.57587 240.441 3.54345 242.782 2.7077
0 1 27 240.801 1.60694 250.796 1.45231 250.075 1.46063 243.945 1.49755 247.431 1.51516 251.121 1.53623 248.725 1.48491 245.329 1.59044 247.474 1.63191 250.33 1.54089 249.179 1.57951 245.84 1.49211 247.382 1.55009
0 1 28 243.06 6.08834 241.58 4.73135 248.342 5.6813 247.893 6.29502 245.714 5.38617 239.827 5.59426 240.046 5.16694 245.736 6.00235 245.721 7.19434 242.483 4.87978 242.886 5.76645 247.599 6.64142 246.546 4.40293
0 1 29 232.339 1.6487 234.825 1.49229 233.206 1.58653 229.633 1.56588 231.994 1.58423 238.723 1.60819 234.02 1.56077 231.377 1.52052 231.943 1.54701 235.344 1.60203 235.08 1.6877 232.974 1.63133 236.204 1.62286
0 1 30 239.318 5.95492 230.033 4.66151 230.884 5.4516 230.879 6.23965 237.034 5.20655 234.196 5.50993 235.214 5.24161 234.329 5.93497 232.652 7.08952 234.562 4.73881 237.61 5.62188 235.281 6.65061 238.497 4.34205
0 1 31 238.92 1.58004 239.127 1.45497 244.643 1.51241 241.156 1.54468 242.05 1.63735 241.009 1.59518 241.344 1.56374 239.457 1.54423 238.601 1.64481 238.44 1.55281 238.795 1.60593 240.983 1.49296 244.989 1.55914
0 1 32 232.637 5.90593 234.482 4.55031 236.078 5.54426 235.96 6.31894 238.05 5.29179 235.769 5.45285 232.858 5.21892 235.828 5.90227 235.302 7.11105 239.838 4.90587 235.536 5.54734 235.914 6.68905 239.753 4.27797
0 1 33 241.021 1.55347 233.627 1.38785 241.701 1.60457 241.205 1.57696 243.09 1.5746 233.513 1.59131 237.925 1.59845 239.401 1.60204 239.796 1.64571 236.818 1.6011 234.786 1.60393 241.046 1.49236 239.687 1.61962
0 1 34 257.315 2.63931 257.754 2.0371 250.22 2.56581 248.827 3.03715 248.375 2.53032 250.622 2.56868 259.199 2.44432 251.074 2.79738 252.261 3.12903 245.455 2.39748 251.017 2.70585 256.307 2.60163 256.974 2.12725
0 1 35 233.232 1.74395 234.751 1.45862 228.423 1.72804 238.908 1.56833 232.723 1.57852 235.118 1.60525 229.939 1.64802 233.902 1.50939 235.48 1.58373 235.838 1.58093 229.499 1.72608 229.418 1.58152 237.23 1.5826
0 1 36 238.015 6.01855 239.805 4.54208 230.548 5.43351 235.621 6.33218 232.852 5.29233 234.634 5.59346 232.405 5.16697 234.798 5.81727 234.888 7.18088 234.568 4.82782 235.536 5.62587 232.519 6.65419 243.034 4.34357
0 1 37 236.81 1.53511 239.275 1.49893 239.2 1.6 232.829 1.52526 237.983 1.56278 231.804 1.53787 238.801 1.58318 237.795 1.58336 241.489 1.65654 239.483 1.68541 237.855 1.62914 238.499 1.48849 236.253 1.59718
0 1 38 236.476 5.86145 233.701 4.56278 232.264 5.41576 238.624 6.33988 234.776 5.2857 229.003 5.4363 231.789 5.13224 238.199 5.94377 234.336 7.11435 232.006 4.7488 238.316 5.59097 237.427 6.64736 233.813 4.35126
0 1 39 236.935 1.61149 243.876 1.44605 235.452 1.6254 244.428 1.60445 239.213 1.59816 237.447 1.6013 239.358 1.60523 239.134 1.5417 241.129 1.61813 243.835 1.61355 239.123 1.61522 238.338 1.51979 236.437 1.63792
0 1 40 247.217 5.94147 239.837 4.59484 236.913 5.67154 243.231 6.31621 241.986 5.31868 240.922 5.55011 240.775 5.23451 244.608 6.05521 242.879 7.19853 243.665 4.88401 241.92 5.62194 236.095 6.52873 244.882 4.38393
0 1 41 235.176 1.68205 233.015 1.47055 234.82 1.6195 238.055 1.50717 232.868 1.58848 236.72 1.55947 233.28 1.61979 235.068 1.60251 237.707 1.66273 236.023 1.58277 229.946 1.68619 237.367 1.48638 239.333 1.57507
0 1 42 241.366 6.11058 237.574 4.55949 236.794 5.44122 237.517 6.33104 229.028 5.24571 235.009 5.45534 237.78 5.19763 244.964 6.05209 241.799 7.16511 235.773 4.7851 243.821 5.66885 231.848 6.60879 243.103 4.24477
0 1 43 240.414 1.56933 235.361 1.36304 238.374 1.5685 238.87 1.49677 236.745 1.58229 232.205 1.61448 240.188 1.53079 243.84 1.53239 240.632 1.54336 241.974 1.5064 240.305 1.67807 244.255 1.55906 238.687 1.54888
0 1 44 239.696 5.96344 238.885 4.63154 242.13 5.54118 236.555 6.31986 246.311 5.42235 237.334 5.60291 233.402 5.22476 238.255 5.95534 242.652 7.34278 245.969 4.99962 241.821 5.64013 245.447 6.66606 240.509 4.36647
0 1 45 231.643 1.65754 232.956 1.45172 233.043 1.61546 234.118 1.58218 235.541 1.52354 231.72 1.58331 239.133 1.58012 238.703 1.55065 229.621 1.64346 239.665 1.54335 230.399 1.65049 236.238 1.61233 238.606 1.58392
0 1 46 237.012 6.04102 238.831 4.59141 232.554 5.47491 232.069 6.36653 235.098 5.24193 237.597 5.60453 239.139 5.18204 234.22 5.94479 230.132 7.11682 231.886 4.73606 235.265 5.70109 238.799 6.67716 240.816 4.37477
0 1 47 245.848 1.4853 240.556 1.4344 245.655 1.51318 237.962 1.53806 237.922 1.63625 244.51 1.56944 241.393 1.60791 245.84 1.55354 242.193 1.61539 243.52 1.552 242.983 1.69118 245.143 1.49578 244.678 1.44034
0 1 48 247.193 6.06817 246.929 4.63339 245.096 5.62805 248.358 6.42645 246.314 5.35226 246.45 5.57575 246.936 5.24063 249.309 5.89168 249.282 7.2794 244.702 4.96398 247.92 5.56847 252.533 6.68893 242.218 4.38696
0 1 49 229.595 1.67523 225.429 1.54115 230.157 1.64849 235.803 1.50398 229.454 1.68905 233.035 1.66813 231.633 1.54357 228.896 1.5913 229.474 1.63718 235.983 1.65822 230.413 1.58078 233.244 1.54428 229.037 1.62639
0 1 50 246.765 5.96728 243.598 4.656 242.742 5.45921 240.136 6.31692 245.888 5.31936 249.378 5.40667 245.532 5.15375 249.757 5.84367 243.833 7.22351 239.366 4.90933 241.197 5.4724 240.298 6.72186 246.124 4.33168
0 1 51 234.515 1.60164 222.962 1.47213 229.71 1.669 228.017 1.57463 237.387 1.61458 230.911 1.57816 227.28 1.65334 235.567 1.60373 230.75 1.76756 230.651 1.6272 232.621 1.69514 230.178 1.58339 234.233 1.65757
0 1 52 239.057 6.00147 238.346 4.63474 236.719 5.59548 241.838 6.37166 234.894 5.30207 239.942 5.63461 236.283 5.24769 241.976 6.02463 237.721 7.22145 238.17 4.79932 242.097 5.66056 239.398 6.67279 236.253 4.31974
0 1 53 239.366 1.57734 241.828 1.46159 238.617 1.60569 241.763 1.43508 237.49 1.55318 243.669 1.54368 239.858 1.5526 241.76 1.53643 243.951 1.58855 241.977 1.56472 238.026 1.69696 239.458 1.57219 243.983 1.59552
0 1 54 239.36 6.03053 235.834 4.43651 235.748 5.4462 233.503 6.42127 239.585 5.37049 237.47 5.59189 236.968 5.36113 233.377 5.97501 234.922 7.24587 233.21 4.77161 237.627 5.7597 237.88 6.67265 235.161 4.37764
0 1 55 229.051 1.71143 229.737 1.44276 233.07 1.66492 228.393 1.50389 236.919 1.52903 231.429 1.5494 232.613 1.61469 233.795 1.57961 233.394 1.67732 228.435 1.67747 228.632 1.66717 227.986 1.62971 233.667 1.63241
0 1 56 236.092 6.01044 237.305 4.5747 239.652 5.58109 237.46 6.39679 240.451 5.32117 242.262 5.47963 239.066 5.16364 238.834 5.99671 234.477 7.20967 242.227 4.8937 234.94 5.49378 229.848 6.64338 235.655 4.24488
0 1 57 241.557 1.61552 240.169 1.43847 237.872 1.60108 241.046 1.56299 242.639 1.54157 237.205 1.52262 237.841 1.48037 244.958 1.52079 247.19 1.55131 237.142 1.5657 238.311 1.66509 244.183 1.5461 244.052 1.66701
0 1 58 230.235 6.04261 233.367 4.52949 231.107 5.35278 230.416 6.23251 232.843 5.30187 234.573 5.3712 232.324 5.17211 235.421 5.77012 232.934 7.13005 231.622 4.68822 233.65 5.49226 235.903 6.66013 232.69 4.31267
0 1 59 237.321 1.61953 235.808 1.43961 238.739 1.6012 236.436 1.49865 236.818 1.59934 236.086 1.58105 242.743 1.47435 238.341 1.52697 238.825 1.59949 234.568 1.5359 236.513 1.66041 243.797 1.55561 240.014 1.57652
0 1 60 234.631 3.60152 235.068 2.56249 235.881 3.33976 233.63 3.63137 239.232 3.23224 233.611 3.24258 233.428 3.15436 235.024 3.6141 235.675 3.98572 239.668 2.81237 234.607 3.51867 236.169 3.55998 229.259 2.69777
0 1 61 226.062 1.80417 223.021 1.46443 227.47 1.65934 225.919 1.53921 230.916 1.53345 232.651 1.5896 232.092 1.62801 228.469 1.49968 230.362 1.69887 225.781 1.66016 235.217 1.60443 227.507 1.63524 231.672 1.62828
0 1 62 242.271 6.00009 241.228 4.63121 240.154 5.58125 236.526 6.41986 233.457 5.36421 240.196 5.72991 243.312 5.36319 241.045 6.04296 237.471 7.16688 240.009 4.88184 237.855 5.78622 236.192 6.67505 236.477 4.31078
0 1 63 238.054 1.60267 235.728 1.34446 235.962 1.62989 234.517 1.53419 235.93 1.57826 236.282 1.58553 235.344 1.59123 246.202 1.54101 245.325 1.60128 236.986 1.57297 235.55 1.67339 237.287 1.58372 236.667 1.62535
0 2 0 292.018 9.25014 288.63 8.41364 287.954 10.5417 290.838 13.1625 289.605 12.4578 285.236 10.1735 284.746 10.6624 285.671 10.3586 286.957 10.7944 287.756 8.36303 287.709 9.62108 286.9 9.88233 287.724 8.9737
0 2 1 286.967 1.21086 278.654 1.19973 285.041 1.35072 283.529 1.19272 286.207 1.20997 281.844 1.27444 283.769 1.19428 284.786 1.15891 283.483 1.17798 282.028 1.27221 279.333 1.25178 282.413 1.11333 290.471 1.08107
0 2 2 282.295 5.58267 283.926 4.53492 287.412 5.26997 284.37 6.1326 280.188 5.12161 277.447 5.19969 278.616 5.17159 275.501 6.1006 284.819 7.21341 278.491 4.96178 281.638 5.72669 279.481 6.28163 286.503 4.34404
0 2 3 277.583 1.08516 280.926 1.16043 283.142 1.39153 277.367 1.27943 278.039 1.19224 278.519 1.30243 276.867 1.28113 273.638 1.32521 276.736 1.2727 276.724 1.25258 275.567 1.2497 278.309 1.15128 272.773 1.31204
0 2 4 275.068 5.44765 272.556 4.32463 278.713 5.18207 280.159 6.14428 270.403 4.96202 270.585 5.38871 274.231 5.10171 275.837 5.98862 274.474 7.10083 274.097 4.89164 279.427 5.75024 276.521 6.30166 272.845 4.34226
0 2 5 284.411 1.13563 279.216 1.20555 284.762 1.2882 284.306 1.26939 277.036 1.19819 283.378 1.23767 286.483 1.35194 280.362 1.16302 281.793 1.19518 286.787 1.20489 281.712 1.25171 289.318 1.13513 281.207 1.17089
0 2 6 283.824 5.59034 283.068 4.38375 282.904 5.15438 284.832 6.01594 285.989 5.16017 284.536 5.35869 280.11 5.21775 283.588 6.00634 290.046 7.36668 280.415 5.0838 284.917 5.73454 282.731 6.56828 277.569 4.31029
0 2 7 292.354 1.14285 284.808 1.18484 288.301 1.29955 283.168 1.25882 279.49 1.21062 285.622 1.2789 281.514 1.23113 288.49 1.18123 286.497 1.19505 285.281 1.16915 285.835 1.22232 289.332 1.06983 287.707 1.14232
0 2 8 285.759 5.7273 279.814 4.54408 282.49 5.2376 278.671 6.05047 279.922 5.11761 274.029 5.25974 275.844 5.27881 279.712 5.94262 278.572 7.28193 285.259 5.06421 275.92 5.69594 281.117 6.48388 280.592 4.34902
0 2 9 275.101 1.15542 274.195 1.16547 274.757 1.36578 270.295 1.39563 276.717 1.20273 274.821 1.31815 272.416 1.34516 276.463 1.26325 268.664 1.37889 286.06 1.15521 273.832 1.37238 276.163 1.19896 276.894 1.2561
0 2 10 274.78 5.3457 281.204 4.49356 280.122 5.0782 287.786 6.17757 275.599 5.01083 280.965 5.34126 278.338 5.19377 280.285 6.02188 279.687 7.29841 280.312 5.05976 283.402 5.78542 279.069 6.46089 288.986 4.39989
0 2 11 286.408 1.2237 283.08 1.16513 284.423 1.29684 287.249 1.22901 283.045 1.29995 286.718 1.15677 285.431 1.30233 287.685 1.16662 279.029 1.2031 280.011 1.32283 286.333 1.19352 283.857 1.23097 290.894 1.10779
0 2 12 276.077 2.25462 275.669 1.9345 278.128 2.38861 271.107 2.78157 274.171 2.40831 275.308 2.40557 277.263 2.27773 280.798 2.74985 275.943 2.93064 275.324 2.18015 271.16 2.67364 279.762 2.5945 285.529 2.18584
0 2 13 283.958 1.187 287.396 1.23901 284.577 1.33429 291.749 1.16441 293.104 1.10152 294.159 1.11872 287.055 1.32991 294.404 1.08005 289.04 1.19318 287.787 1.17384 292.114 1.16873 296.092 1.06932 290.802 1.11587
0 2 14 279.94 5.34545 284.985 4.5244 281.916 5.15571 282.572 6.10143 279.675 5.10569 277.499 5.36257 280.592 5.22487 281.834 6.07976 279.207 7.27045 286.767 5.07526 288.496 5.81523 280.61 6.45571 281.342 4.41077
0 2 15 278.64 1.08483 284.728 1.14478 282.754 1.37478 277.792 1.33323 274.818 1.21978 282.726 1.23469 276.382 1.22786 278.507 1.25198 281.44 1.179 282.679 1.26662 278.994 1.20775 280.648 1.16251 280.293 1.16966
0 2 16 275.208 3.04403 282.254 2.5675 281.661 3.03474 275.829 3.55914 280.563 3.13462 280.112 3.02755 277.971 2.92572 282.858 3.59243 276.609 3.89328 278.662 2.83583 285.251 3.50252 279.026 3.62764 278.233 2.59428
0 2 17 269.214 1.19594 272.607 1.18754 273.626 1.36707 275.486 1.32825 269.367 1.35858 271.833 1.3584 268.688 1.44883 274.409 1.28156 274.822 1.2876 273.31 1.3706 275.712 1.2765 270.931 1.30499 273.477 1.24662
0 2 18 283.58 5.54415 287.464 4.5528 280.733 5.31704 281.523 6.19489 283.176 5.13457 285.043 5.50147 283.335 5.26003 280.792 6.00036 279.17 7.32556 279.628 4.9978 281.969 5.63835 286.585 6.37931 285.652 4.44666
0 2 19 282.182 1.08552 276.402 1.249 287.029 1.29851 280.049 1.31703 290.034 1.15664 279.473 1.33074 282.26 1.24068 286.252 1.15756 277.848 1.2375 282.116 1.18971 279.265 1.20583 282.871 1.11668 281.951 1.15988
0 2 20 274.866 5.41739 269.216 4.44401 273.38 5.21627 273.055 6.0761 275.501 5.10321 276.196 5.28351 276.867 5.19501 276.558 6.12315 275.063 7.41709 273.597 5.00134 270.068 5.78493 274.095 6.463 273.848 4.40119
0 2 21 290.366 1.2125 290.63 1.20989 291.487 1.24667 290.04 1.23466 290.546 1.15529 288.744 1.17389 289.118 1.219 283.214 1.14085 289.626 1.09523 293.827 1.2206 284.977 1.20755 279.63 1.20329 290.141 1.02847
0 2 22 284.902 5.59702 277.663 4.52199 279.119 5.30849 274.931 6.20654 281.078 5.11651 279.432 5.44693 279.737 5.23358 280.864 6.17637 282.56 7.34568 282.932 5.08797 283.009 5.75694 278.312 6.36766 282.618 4.33715
0 2 23 290.625 1.17102 287.139 1.19968 283.945 1.32965 282.514 1.26357 287.272 1.21918 285.36 1.21229 293.228 1.30911 283.623 1.21213 285.991 1.20222 285.429 1.23425 286.915 1.23279 287.67 1.14445 287.845 1.11883
0 2 24 279.259 5.44301 279.601 4.56287 281.052 5.15022 279.604 6.00114 281.283 5.1429 278.285 5.34751 283.092 5.1652 282.878 6.09422 289.276 7.34603 278.679 4.82381 283.826 5.7997 283.315 6.27346 282.293 4.22707
0 2 25 279.982 1.09094 286.086 1.19974 283.864 1.33688 276.535 1.35374 275.221 1.27628 281.496 1.1868 276.419 1.3193 270.018 1.28434 279.109 1.25241 281.972 1.33327 279.014 1.27314 279.155 1.14762 277.991 1.20222
0 2 26 276.583 5.40768 278.636 4.35762 275.197 5.26586 273.812 6.10713 276.782 5.08002 279.536 5.45569 272.879 5.1836 267.326 6.01484 276.491 7.23119 277.651 4.85061 281.675 5.7841 282.06 6.42072 281.017 4.24193
0 2 27 283.042 1.16166 282.964 1.12473 279.475 1.34922 277.679 1.36364 282.493 1.1778 275.32 1.34902 278.948 1.28471 275.427 1.23796 282.615 1.29144 280.892 1.31846 284.037 1.22011 283.246 1.1883 281.494 1.15841
0 2 28 283.021 5.56532 280.485 4.51048 277.826 5.21857 278.118 6.18037 279.401 5.19257 278.222 5.3462 278.514 5.18569 287.549 6.15368 281.991 7.42065 277.151 4.89812 279.544 5.79642 279.911 6.46264 285.618 4.46447
0 2 29 278.304 1.13 280.47 1.13341 280.186 1.32329 278.257 1.27232 278.409 1.22793 276.225 1.37544 279.905 1.25603 275.822 1.18762 275.055 1.30203 282.509 1.22935 280.256 1.19463 282.427 1.20099 279.552 1.16223
0 2 30 274.515 5.44778 282.701 4.43387 276.777 5.32422 276.329 6.08097 279.95 5.12944 279.749 5.36699 278.098 5.1852 288.531 6.10247 281.48 7.32318 285.582 4.84581 282.977 5.67792 288.825 6.45246 279.601 4.20573
0 2 31 278.789 1.17006 276.82 1.21381 284.93 1.31912 285.809 1.31621 282.964 1.273 282.207 1.28285 283.425 1.1907 282.528 1.19094 283.132 1.21995 282.415 1.24937 284.647 1.17693 278.083 1.21428 280.011 1.15713
0 2 32 291.884 5.60731 287.308 4.54888 287.87 5.27865 288.211 6.27215 291.473 5.12067 285.012 5.38007 290.335 5.39726 292.246 6.09289 278.428 7.25504 287.938 4.97112 298.809 5.92407 287.476 6.42369 291.807 4.18883
0 2 33 278.771 1.19691 275.941 1.15233 279.417 1.36403 282.35 1.29325 276.619 1.20711 281.13 1.20418 280.358 1.22305 280.264 1.20766 280.874 1.22526 276.898 1.26841 279.202 1.22258 280.991 1.1885 286.905 1.16692
0 2 34 281.185 5.36095 276.55 4.38584 279.041 5.22464 276.91 6.1485 277.742 5.09305 279.902 5.31668 277.734 5.16478 284.131 6.12439 281.517 7.1629 276.795 4.81807 277.254 5.5466 277.393 6.31985 279.537 4.18554
0 2 35 282.875 1.2036 277.749 1.19122 276.203 1.33601 278.815 1.3792 276.908 1.25908 285.069 1.14929 282.275 1.23405 284.181 1.18341 278.284 1.23971 278.528 1.28774 272.396 1.329 280.948 1.15438 281.152 1.21642
0 2 36 273.208 5.30538 273.364 4.48675 272.855 5.25654 269.382 6.20592 276.905 5.14026 270.055 5.34136 272.402 5.1231 264.11 6.10855 272.023 7.42855 272.384 4.96843 269.672 5.66071 265.355 6.61117 273.908 4.35661
0 2 37 283.729 1.24446 286.213 1.20239 285.986 1.31538 292.35 1.14383 289.328 1.18895 285.527 1.21053 285.688 1.24265 282.822 1.1801 288.882 1.18682 290.807 1.10637 287.983 1.16685 280.487 1.17665 281.649 1.19293
0 2 38 278.283 5.42759 283.391 4.63536 276.006 5.07566 277.188 6.11092 281.955 5.24078 279.242 5.36443 285.318 5.32065 275.163 6.02419 284.991 7.33104 280.952 4.9727 281.368 5.7044 279.12 6.42991 278.138 4.34483
0 2 39 280.473 1.11771 280.728 1.21985 281.765 1.30992 282.283 1.27475 277.146 1.25292 281.256 1.20777 282.968 1.26154 279.273 1.19455 282.948 1.28102 282.384 1.26718 278.405 1.22713 288.16 1.08521 279.655 1.16291
0 2 40 280.601 5.48552 279.157 4.5439 273.69 5.151 276.991 6.11285 274.232 5.06808 285.207 5.40654 279.986 5.20419 279.136 6.04526 272.141 7.27302 282.074 5.05821 281.017 5.74131 277.315 6.41259 279.922 4.3048
0 2 41 280.226 1.17363 285.601 1.16796 284.591 1.28014 288.488 1.22174 285.134 1.2497 279.793 1.18718 282.977 1.30341 279.386 1.18829 281.135 1.15302 277.77 1.28625 285.567 1.20797 284.123 1.22965 278.063 1.18735
0 2 42 279.271 4.91243 284.754 4.14051 281.414 4.77485 279.986 5.50694 283.51 4.61674 277.519 4.73342 279.483 4.67696 281.445 5.47051 280.603 6.42447 279.98 4.33369 280.732 5.27879 285.579 5.70504 278.273 3.90809
0 2 43 286.143 1.19416 283.346 1.11803 279.861 1.33332 285.795 1.26357 285.437 1.26561 282.758 1.24478 281.153 1.2732 276.077 1.28215 282.049 1.17709 287.418 1.15995 283.96 1.2071 282.252 1.22277 281.943 1.07593
0 2 44 288.083 5.5172 286.284 4.58281 287.649 5.19491 286.697 6.33532 285.098 5.10329 290.337 5.55132 283.552 5.20048 286.095 6.08909 292.506 7.28188 291.301 4.8189 283.077 5.71222 278.679 6.31278 285.164 4.25132
0 2 45 279.259 1.07802 281.133 1.16025 279.965 1.30726 280.737 1.32677 277.857 1.1902 284.156 1.20708 282.442 1.20373 290.81 1.08653 285.086 1.14145 284.33 1.23142 287.162 1.26507 282.003 1.16908 280.569 1.17119
0 2 46 283.241 5.53761 273.494 4.43176 274.443 5.18782 281.934 6.15256 275.577 5.06073 277.755 5.36242 279.35 5.15109 276.591 6.0863 275.997 7.18295 273.111 4.82497 278.179 5.79362 280.307 6.40071 270.905 4.20655
0 2 47 279.167 1.18606 282.382 1.16376 270.014 1.36936 281.197 1.23606 276.431 1.21794 276.689 1.25942 285.081 1.24201 278.564 1.32414 275.118 1.25964 277.818 1.35927 284.385 1.2733 279.98 1.17624 276.575 1.18789
0 2 48 276.315 5.4665 277.118 4.46262 280.055 5.19753 275.321 6.11342 277.919 5.04619 279.47 5.43986 282.934 5.24858 277.226 5.95055 281.549 7.29434 276.261 4.85762 272.769 5.71605 279.046 6.33932 276.721 4.28442
0 2 49 291.848 1.12765 284.13 1.12038 287.797 1.31413 285.517 1.25665 287.157 1.2083 287.937 1.23658 281.165 1.18956 282.745 1.22783 286.652 1.14837 288.724 1.19691 292.083 1.15791 291.507 1.14461 294.667 1.12359
0 2 50 274.589 5.43011 283.26 4.57 279.296 5.25904 282.324 6.33044 282.798 5.21297 281.856 5.48427 281.127 5.22732 289.226 6.17376 283.425 7.29806 279.142 4.89228 280.966 5.75511 282.195 6.45566 285.793 4.33547
0 2 51 288.842 1.22795 281.03 1.11167 284.568 1.30623 279.272 1.23352 290.611 1.11882 284.285 1.19407 280.194 1.21411 284.166 1.18183 284.727 1.17574 283.889 1.27996 280.932 1.16252 282.825 1.13594 291.201 1.14209
0 2 52 280.458 3.00764 284.518 2.55148 291.449 3.068 280.448 3.61898 279.224 3.0256 287.305 2.98875 282.676 2.94935 280.677 3.52513 280.092 3.89335 285.636 2.72377 282.667 3.50986 284.877 3.44407 284.457 2.61975
0 2 53 286.723 1.25979 286.624 1.26781 289.067 1.27571 289.376 1.22257 292.28 1.08979 288.294 1.20759 283.075 1.21889 291.033 1.06278 286.534 1.17271 292.017 1.20828 292.194 1.14582 283.384 1.1976 295.319 1.11365
0 2 54 276.33 5.47895 281.521 4.68737 277.093 5.20619 278.717 6.16072 277.916 5.09008 274.637 5.42017 272.176 5.18508 271.083 6.00289 272.532 7.27432 269.676 4.87779 272.684 5.80105 276.805 6.51706 268.195 4.37361
0 2 55 288.818 1.20506 290.609 1.22166 292.061 1.28054 297.179 1.12883 294.471 1.14855 291.769 1.10482 286.988 1.25384 295.472 1.05344 293.158 1.06715 288.048 1.17766 292.265 1.13524 292 1.16786 291.503 1.03529
0 2 56 276.908 5.55228 283.104 4.68959 278.759 5.16146 273.702 6.12687 287.518 5.14744 283.908 5.49536 281.65 5.19968 278.228 6.15801 279.58 7.4016 274.381 4.96264 280.897 5.72551 277.41 6.43424 284.078 4.4955
0 2 57 281.167 1.19107 280.346 1.22414 281.577 1.31239 274.384 1.36203 277.583 1.24213 282.375 1.18747 282.951 1.1975 280.261 1.28333 276.951 1.31325 279.767 1.31739 285.647 1.24515 277.762 1.18402 278.75 1.22151
0 2 58 279.167 5.33817 280.26 4.48966 281.159 5.16292 285.572 6.2029 279.151 5.04874 283.207 5.3368 284.876 5.27719 280.24 5.91621 280.578 7.30315 288.06 4.9232 285.556 5.50386 280.143 6.34871 277.638 4.26237
0 2 59 279.854 1.18504 270.876 1.22448 277.736 1.39252 280.639 1.28783 280.081 1.23968 270.542 1.35823 278.049 1.29267 272.932 1.28149 273.287 1.34897 274.565 1.3615 269.179 1.31796 274.301 1.24782 273.422 1.19254
0 2 60 271.217 1.12485 274.243 1.18933 272.113 1.38375 272.962 1.35846 273.272 1.26872 267.069 1.40023 271.052 1.39058 272.709 1.33821 263.299 1.46503 273.727 1.34821 266.792 1.42207 276.642 1.19721 276.552 1.23184
0 2 61 277.449 1.14583 277.84 1.24911 279.072 1.33318 273.835 1.28082 275.919 1.23061 276.104 1.31962 281.046 1.28042 275.513 1.27308 278.023 1.25695 275.733 1.35145 278.425 1.29622 276.728 1.13443 273.164 1.23603
0 2 62 280.107 1.21761 275.343 1.29197 275.423 1.46872 275.679 1.31179 275.543 1.26864 283.32 1.27658 277.931 1.33032 279.122 1.25645 277.813 1.32922 277.756 1.33249 280.288 1.23105 277.891 1.26657 283.362 1.28249
0 2 63 285.914 1.23261 282.172 1.10412 273.501 1.27205 283.35 1.21727 281.35 1.28908 275.233 1.28625 283.306 1.24641 281.288 1.131 277.974 1.24887 286.142 1.17127 271.775 1.2757 277.092 1.24051 283 1.21532
0 3 0 224.81 11.0843 222.246 9.75842 227.707 12.6697 222.09 15.3689 222.754 14.7554 223.427 11.5881 228.014 12.1271 226.009 11.9617 226.583 12.3659 221.594 9.67819 227.823 10.609 224.665 10.9941 227.233 10.5722
0 3 1 227.568 1.61321 229.121 1.51913 233.994 1.78722 228.809 1.6051 232.992 1.63725 223.003 1.72204 231.543 1.67077 224.003 1.58722 229.207 1.57303 231.906 1.61835 227.9 1.70929 230.991 1.68167 228.21 1.56441
0 3 2 224.688 5.81823 221.124 4.4545 225.362 4.9172 221.621 5.96507 220.216 4.81664 219.556 5.2816 221.861 5.22703 220.077 5.85533 217.56 7.15223 220.597 5.11146 222.188 5.56536 219.352 6.53657 216.698 4.45776
0 3 3 223.738 1.65917 221.207 1.48713 224.226 1.83237 225.913 1.64246 222.821 1.52158 218.282 1.71644 225.749 1.64749 226.507 1.61432 222.213 1.61554 225.696 1.69095 226.735 1.72493 224.195 1.65225 223.399 1.58611
0 3 4 221.003 5.49702 228.55 4.41275 228.148 4.86736 224.934 5.70961 232.793 4.81206 224.107 5.33518 222.743 5.16997 226.902 5.8861 220.966 6.98882 221.185 5.03087 227.205 5.63749 223.828 6.52737 229.451 4.54169
0 3 5 227.628 1.73591 228.157 1.51197 229.62 1.81719 227.844 1.68431 227.602 1.45475 223.683 1.72549 228.844 1.55587 232.588 1.63753 235.747 1.57362 232.321 1.731 237.835 1.68487 230.052 1.72714 235.557 1.56272
0 3 6 223.723 5.63557 222.275 4.464 218.774 4.83117 220.786 5.88183 221.739 4.72278 220.643 5.29468 223.127 5.1031 223.51 5.82744 216.578 6.91261 220.875 4.98421 218.84 5.70826 218.668 6.45048 219.802 4.31761
0 3 7 225.967 1.64628 227.183 1.47226 229.075 1.79374 224.54 1.65345 224.501 1.57826 225.274 1.63446 229.523 1.64854 223.973 1.62214 230.095 1.65212 226.298 1.65117 232.493 1.71945 221.444 1.64653 224.994 1.57019
0 3 8 229.452 5.71215 225.571 4.38893 230.122 4.94693 221.587 5.82051 229.218 4.89868 228.62 5.3343 225.269 5.1733 229.214 5.94251 229.385 7.12902 222.236 5.04734 228.553 5.62219 229.347 6.55832 228.072 4.4052
0 3 9 215.357 1.75012 228.015 1.43387 220.435 1.82 221.829 1.65608 218.754 1.64862 217.787 1.64257 221.234 1.59663 224.16 1.61901 223.388 1.61941 222.33 1.73841 226.538 1.71571 228.06 1.6652 227.049 1.58492
0 3 10 224.432 3.3365 229.053 2.57723 225.038 2.94319 224.838 3.50513 232.479 3.02607 223.297 3.1906 226.214 3.27813 227.243 3.43833 223.374 3.98252 223.875 3.02569 227.14 3.55669 230.619 3.69322 226.216 2.82377
0 3 11 220.747 1.71435 220.607 1.43567 221.928 1.77681 213.702 1.59328 222.148 1.5531 219.052 1.60247 223.312 1.67288 223.036 1.56138 221.376 1.60072 226.639 1.72645 222.866 1.68681 224.602 1.64782 219.736 1.66409
0 3 12 221.182 3.34696 214.964 2.67 220.957 2.94803 216.092 3.49444 215.434 3.01894 218.297 3.10917 218.243 3.19845 211.519 3.4991 214.279 4.01719 219.395 3.02457 215.909 3.41652 219.619 3.64716 217.684 2.84223
0 3 13 224.551 1.64673 228.784 1.43419 224.954 1.84882 235.37 1.55501 231 1.56646 231.236 1.72674 229.341 1.53735 233.243 1.63787 231.083 1.67004 229.071 1.66619 230.313 1.67904 225.272 1.66124 228.951 1.55194
0 3 14 223.039 5.64012 221.728 4.37345 223.29 4.82236 228.101 5.9583 225.289 4.81166 226.836 5.36389 224.717 5.13636 225.861 5.91243 225.836 7.06734 235.094 5.13785 226.04 5.71235 228.562 6.58032 229.566 4.46168
0 3 15 217.08 1.75495 227.53 1.44341 231.939 1.8941 224.962 1.60788 226.347 1.54931 226.542 1.64776 226.902 1.68181 226.985 1.58341 221.764 1.623 222.44 1.7441 223.994 1.67773 222.321 1.71631 229.494 1.5965
0 3 16 221.664 5.48781 222.82 4.34121 226.606 4.86525 224.558 5.81292 228.49 4.83834 228.259 5.21267 218.624 5.09708 219.469 5.7952 226.649 6.96486 225.352 4.9395 225.023 5.64824 223.063 6.30746 229.193 4.34242
0 3 17 223.232 1.66895 229.175 1.52562 230.745 1.77711 234.249 1.61873 229.16 1.60173 228.285 1.64304 229.298 1.60052 228.899 1.60542 234.555 1.61527 227.142 1.63667 231.285 1.73904 225.51 1.55806 232.434 1.53642
0 3 18 231.202 5.72126 231.541 4.4115 234.574 5.13481 227.931 5.96917 228.821 4.94579 230.841 5.38497 228.405 5.24414 228.872 5.89662 231.589 7.07234 230.875 5.01263 223.952 5.6453 231.759 6.43677 226.063 4.41217
0 3 19 223.688 1.65489 228.346 1.47814 229.62 1.8092 221.41 1.60177 237.958 1.60039 227.556 1.63856 221.879 1.60284 220.199 1.63935 221.649 1.67403 227.801 1.64979 230.51 1.77808 219.063 1.7251 232.353 1.57159
0 3 20 225.134 2.79933 230.914 2.16379 232.186 2.59661 231.451 2.74844 228.104 2.40516 227.458 2.55665 231.208 2.75231 234.668 2.88184 227.983 3.23233 232.216 2.61855 231.578 2.9204 230.026 2.94883 236.201 2.39367
0 3 21 227.86 1.64789 224.781 1.47142 222.255 1.83489 225.743 1.63073 225.361 1.51776 224.349 1.69319 222.529 1.66762 227.552 1.66776 226.391 1.66337 225.094 1.70052 222.114 1.69753 220.072 1.65612 220.761 1.65328
0 3 22 218.083 5.58635 220.086 4.53732 220.371 4.90209 223.127 6.00684 214.02 4.7447 218.824 5.33389 217.39 5.06784 213.558 5.81799 220.336 7.06409 216.375 5.01433 218.462 5.47807 217.158 6.52048 222.213 4.51316
0 3 23 229.238 1.66275 229.367 1.44577 223.075 1.80019 227.552 1.64437 224.627 1.53708 225.741 1.63063 221.775 1.6987 228.709 1.60812 226.44 1.73845 225.236 1.71178 225.94 1.70782 225.516 1.66642 230.454 1.6244
0 3 24 219.795 5.65865 224.95 4.45229 221.183 4.84648 221.925 5.86309 222.294 4.85306 220.7 5.38298 213.801 5.07665 219.712 5.81543 217.733 7.21233 219.153 5.13171 219.516 5.53921 225.344 6.64765 219.305 4.46883
0 3 25 237.161 1.57862 226.731 1.39154 234.157 1.84591 224.116 1.57416 229.566 1.57688 226.046 1.65745 228.205 1.61856 225.964 1.65188 222.282 1.66471 233.665 1.66894 236.504 1.65358 233.08 1.64618 225.517 1.60718
0 3 26 227.143 5.80003 228.734 4.3907 228.003 5.12538 230.162 6.1119 229.952 5.01823 225.432 5.3959 227.243 5.32352 221.122 5.95981 228.624 7.23292 227.83 5.16923 228.054 5.73239 225.728 6.62615 230.902 4.51392
0 3 27 231.247 1.68898 225.538 1.48961 230.119 1.8131 226.954 1.64937 226.7 1.4828 240.228 1.57155 226.986 1.67516 227.534 1.58803 228.195 1.62126 224.679 1.67936 224.638 1.665 231.527 1.65246 229.152 1.60184
0 3 28 232.988 11.621 237.464 10.4293 223.432 13.163 230.006 16.1544 228.622 15.5882 228.265 12.1823 235.751 12.7198 228.178 12.2914 231.799 13.1516 231.088 10.3081 232.171 11.0216 228.109 11.4696 230.195 11.1601
0 3 29 229.896 1.61959 227.462 1.43498 227.125 1.85069 229.668 1.63486 224.574 1.54057 227.873 1.6723 229.697 1.61919 237.976 1.61209 221.805 1.65633 230.259 1.70016 226.046 1.70074 226.777 1.68812 225.598 1.62389
0 3 30 227.134 5.65343 225.962 4.37195 220.922 4.93344 217.746 5.83977 223.98 4.86653 225.738 5.23982 219.717 5.15097 216.715 5.80562 217.813 6.92963 227.173 5.0324 225.704 5.43943 223.481 6.35374 224.796 4.3906
0 3 31 221.363 1.73866 225.559 1.4384 220.438 1.78147 229.208 1.60654 227.319 1.53356 218.994 1.65286 221.332 1.60092 222.249 1.55327 223.865 1.64932 217.381 1.60874 229.006 1.69799 222.126 1.67781 219.557 1.57372
0 3 32 216.56 5.49589 218.873 4.34106 219.933 4.78629 220.11 5.86402 225.249 4.77822 226.32 5.40613 220.205 5.13866 222.795 5.81334 216.899 7.03674 226.273 4.95314 225.613 5.55144 222.536 6.37977 224.759 4.44562
0 3 33 236.307 1.56356 233.228 1.43442 228.623 1.88742 229.474 1.60406 228.65 1.60115 232.199 1.74224 226.165 1.64089 233.261 1.58911 228.971 1.70168 228.443 1.69798 229.12 1.72709 226.51 1.68017 228.773 1.61091
0 3 34 229.551 5.61862 234.985 4.40848 231.98 4.88323 232.931 5.94005 238.521 4.82091 231.527 5.31338 239.431 5.22246 228.49 5.87663 234.578 7.10126 233.312 4.95939 239.801 5.60526 232.693 6.39757 235.175 4.40882
0 3 35 229.241 1.63979 227.275 1.46701 228.101 1.86458 239.598 1.50832 232.826 1.50929 237.908 1.63451 238.564 1.57757 231.582 1.68428 238.411 1.54459 235.418 1.65798 226.179 1.77807 239.089 1.62206 237.759 1.54782
0 3 36 218.741 5.60624 219.734 4.38058 225.229 4.94577 226.012 5.896 218.849 4.7379 223.919 5.30937 226.315 5.19522 218.926 5.74047 217.52 6.95983 218.094 5.02943 235.427 5.62602 226.725 6.39072 220.454 4.26637
0 3 37 232.101 1.62803 235.044 1.47397 227.087 1.91666 235.988 1.49174 232.815 1.58052 229.159 1.63383 233.731 1.67781 233.404 1.58546 228.744 1.70213 233.773 1.6667 229.701 1.74074 233.072 1.6282 235.724 1.61309
0 3 38 221.655 5.58643 218.917 4.34724 220.125 4.75963 221.09 5.90733 217.409 4.80962 216.392 5.2441 220.13 5.15347 218.89 5.82865 223.261 7.03178 223.557 4.95573 222.131 5.6154 222.742 6.42987 221.135 4.33863
0 3 39 225.798 1.71846 226.009 1.40474 220.954 1.75223 223.697 1.61741 226.667 1.53332 222.761 1.68495 222.107 1.6351 223.024 1.60101 221.977 1.55901 219.369 1.63414 223.41 1.74673 222.954 1.69887 227.917 1.54304
0 3 40 231.402 5.53527 230.885 4.35432 229.719 4.79182 223.581 5.77923 236.039 4.82334 221.207 5.24365 236.896 5.22341 234.644 5.89353 232.109 7.00776 228.619 4.99289 225.92 5.5088 234.083 6.40124 230.681 4.48932
0 3 41 220.339 1.68088 224.822 1.4629 219.919 1.82553 223.861 1.65294 221.585 1.60238 222.092 1.72208 216.85 1.58039 220.187 1.64616 218.428 1.59849 215.94 1.64951 213.809 1.7032 217.547 1.66411 219.782 1.56965
0 3 42 222.863 5.5741 234.393 4.42179 231.296 4.9078 228.072 5.84461 227.269 4.78273 228.438 5.22834 230.483 5.25764 223.988 5.82075 227.011 7.04786 230.591 5.00656 228.809 5.6185 225.023 6.45811 223.793 4.38948
0 3 43 225.688 1.73049 222.53 1.46579 226.53 1.81614 222.28 1.63577 232.796 1.43786 222.784 1.67434 230.942 1.61714 228.872 1.58584 224.239 1.65849 225.673 1.67995 228.16 1.67014 225.473 1.60853 224.756 1.58499
0 3 44 222.149 5.44358 224.899 4.41105 225.435 4.84627 220.864 5.7628 226.877 4.81669 223.378 5.23333 226.529 5.26363 225.804 5.76572 225.609 6.99443 221.75 4.90941 223.897 5.5265 221.126 6.28649 225.592 4.38783
0 3 45 224.577 1.65111 235.63 1.4724 225.559 1.8782 229.587 1.68116 232.28 1.59831 226.02 1.67096 221.61 1.66425 228.472 1.68602 224.129 1.6393 228.091 1.69817 227.467 1.76494 229.278 1.70961 230.362 1.56688
0 3 46 234.536 5.57673 236.26 4.56806 232.687 4.8167 226.575 5.84495 229.832 4.83739 229.072 5.27328 232.896 5.23888 229.81 5.92631 232.494 7.17054 233.872 5.05629 232.661 5.52865 232.467 6.51445 234.305 4.60438
0 3 47 223.81 1.70417 227.544 1.46137 228.794 1.90529 230.101 1.62483 227.807 1.53727 228.452 1.67019 224.347 1.57874 230.908 1.65956 228.264 1.67098 227.094 1.64792 228.239 1.69118 228.479 1.66636 229.876 1.57539
0 3 48 227.601 3.35878 219.42 2.52932 229.27 2.97912 225.682 3.45701 225.504 3.04092 227.991 3.08523 218.448 3.22184 222.19 3.47345 224.44 3.97974 223.707 3.03524 227.567 3.4253 227.364 3.70579 225.532 2.87111
0 3 49 218.509 1.75253 224.719 1.4187 224.417 1.78877 223.283 1.58956 223.258 1.48785 217.066 1.65242 222.402 1.60667 222.647 1.53397 212.319 1.59885 219.131 1.64627 221.997 1.7122 225.235 1.73514 217.563 1.57167
0 3 50 227.961 5.55398 217.82 4.37651 226.313 4.89193 219.861 5.89389 228.148 4.93746 227.164 5.3164 229.902 5.31185 215.774 5.70097 223.043 7.10722 224.849 4.97523 225.729 5.41426 222.679 6.35485 226.848 4.42008
0 3 51 225.5 1.67971 218.494 1.44165 218.31 1.78221 220.136 1.59535 226.244 1.52275 215.282 1.63387 221.564 1.67531 220.73 1.6145 214.33 1.6977 214.244 1.67619 226.168 1.66845 221.911 1.69969 222.333 1.60578
0 3 52 221.36 5.47598 224.059 4.37002 219.371 4.80474 220.503 5.87945 222.689 4.7381 225.081 5.20744 220.908 5.09761 218.353 5.81949 218.796 6.95026 226.812 4.90582 230.473 5.71635 224.212 6.29875 219.511 4.20896
0 3 53 219.238 1.78365 221.902 1.47341 224.377 1.82972 222.627 1.5847 230.381 1.59322 232.055 1.6805 216.587 1.63762 218.258 1.67415 221.943 1.64251 220.432 1.71256 219.692 1.63715 217.493 1.68869 227.138 1.59145
0 3 54 230.241 5.6203 224.719 4.34881 224.301 4.8546 226.87 5.88452 223.213 4.81821 216.029 5.1012 214.824 5.03463 225.436 5.75743 221.733 6.91245 224.074 4.874 221.048 5.41502 220.968 6.21825 228.813 4.3387
0 3 55 228.286 1.68905 224.139 1.43752 234.667 1.82944 223.035 1.64965 232.711 1.52411 230.389 1.65155 234.54 1.62169 235.682 1.60953 232.011 1.64173 229.02 1.66588 231.174 1.7117 226.862 1.64934 230.218 1.60585
0 3 56 233.783 5.61915 231.731 4.48023 235.441 4.89869 228.477 5.92738 234.202 4.90968 231.055 5.13393 223.618 5.13957 230.715 5.87371 229.247 7.02147 230.98 4.91023 227.783 5.52733 236.393 6.35376 236.787 4.30125
0 3 57 235.506 1.57924 224.663 1.40113 224.646 1.82325 221.983 1.62165 224.989 1.59653 228.911 1.63025 225.882 1.65713 224.306 1.60259 221.724 1.60237 216.776 1.67134 226.701 1.65517 224.046 1.67851 226.307 1.6011
0 3 58 229.786 5.59139 227.124 4.39027 234.893 4.91759 229.066 5.83726 231.608 4.86602 228.885 5.28861 225.428 5.22353 231.525 5.78549 227.333 6.98754 223.597 4.83263 231.954 5.49262 231.716 6.38518 227.782 4.29294
0 3 59 220.164 1.74062 218.524 1.51551 223.125 1.83021 218.743 1.61827 220.711 1.56581 219.712 1.71212 214.789 1.65316 221.855 1.5955 222.641 1.58305 214.793 1.65819 222.544 1.81719 217 1.69103 222.511 1.58745
0 3 60 222.83 2.6622 209.583 2.21892 229.388 2.48588 224.338 2.63888 221.888 2.45607 226.066 2.50387 220.156 2.57689 222.703 2.68545 224.451 3.04193 224.92 2.42371 220.014 2.78423 221.046 2.88721 220.069 2.36858
0 3 61 219.14 1.67121 229.601 1.41952 227.038 1.87316 222.717 1.60944 227.154 1.53258 229.058 1.6864 229.5 1.67824 229.694 1.69264 227.009 1.56192 232.159 1.68978 232.097 1.72356 223.519 1.67155 230.687 1.61606
0 3 62 229.932 5.58043 231.799 4.41498 230.739 4.8944 230.604 6.03764 231.801 4.92262 231.951 5.27737 225.902 5.18687 224.944 5.69656 230.563 7.19427 231.327 4.98846 234.732 5.63284 231.92 6.47671 230.52 4.31745
0 3 63 222.399 1.74451 223.435 1.4195 219.128 1.79241 221.618 1.56335 224.3 1.56729 220.697 1.68843 218.879 1.64378 221.914 1.60905 220.787 1.58501 219.491 1.68885 221.536 1.7503 224.539 1.67975 223.21 1.59353
