0 0 0 222.725 32.1597 229.019 33.3746 224.036 31.8091 229.746 34.7766 226.779 32.7141 230.393 31.9005 227.436 34.4447 225.036 35.9013 225.368 36.027 227.779 36.9261 223.229 36.1133 228.304 34.3224 224.975 31.0615
0 0 1 218.572 2.1353 227.314 2.1875 213.589 2.14502 220.161 2.00041 219.689 2.0116 217.72 2.07862 223.604 2.04989 216.899 2.07172 221.047 2.10905 227.657 2.28556 219.101 2.06267 220.093 2.08119 218.627 2.03763
0 0 2 230.844 32.3919 230.597 33.6932 231.642 31.5475 229.171 34.8944 225.97 32.9724 229.032 31.9593 230.557 34.4215 227.455 35.529 229.216 36.0152 233.227 37.5795 235.292 36.1455 230.753 33.7049 231.093 31.2974
0 0 3 217.657 2.04303 218.499 2.05166 211.148 2.12557 210.9 2.08112 211.254 2.17289 208.62 2.06089 216.288 2.11311 215.582 2.04282 216.753 2.1107 225.385 2.18464 219.911 2.09503 214.253 2.183 218.021 1.98891
0 0 4 232.642 31.8952 236.103 33.7285 240.194 31.6363 239.878 35.1018 234.591 33.0881 235.923 31.781 233.149 34.0766 231.445 35.493 232.531 36.0971 239.104 37.2093 235.436 35.8934 236.399 33.6733 233.356 31.2572
0 0 5 223.451 2.13126 216.314 2.12207 222.047 2.15927 217.684 2.11121 217.429 2.10475 217.163 2.04158 222.887 2.08066 226.564 2.1275 224.925 2.21148 221.294 2.22321 221.659 2.08046 219.023 2.07452 215.422 2.06967
0 0 6 229.864 31.9697 232.346 33.4869 230.591 31.4855 232.395 34.7561 226.733 32.7506 229.66 31.7987 229.704 34.4634 231.117 35.6577 227.544 36.0035 228.508 37.3377 229.587 36.3591 232.887 34.0755 220.784 31.1576
0 0 7 220.454 2.09066 228.76 2.2117 222.237 2.06354 227.048 2.0718 225.396 2.14621 223.94 2.09657 220.349 2.1332 220.384 2.09275 219.066 2.07112 223.198 2.1278 217.298 2.14488 223.281 2.17224 226.781 2.11033
0 0 8 233.153 32.2969 238.052 33.8936 231.823 31.8453 230.237 34.9996 230.458 33.6119 229.913 32.1038 227.255 34.1683 227.701 35.9932 231.991 36.4969 240.319 37.4603 236.245 36.838 230.633 34.4456 233.79 31.5468
0 0 9 215.594 2.00165 217.834 2.04353 218.325 2.00587 216.663 2.00648 218.045 1.99914 218.872 2.13165 215.708 2.1531 217.934 1.99929 220.712 2.15966 218.088 2.12174 218.97 2.13783 216.727 2.10629 214.869 1.97326
0 0 10 222.346 17.5499 218.042 17.8101 212.316 16.9447 220.894 18.7828 220.555 17.4806 222.88 17.2454 219.144 19.1724 226.812 19.9335 220.886 20.3431 221.312 19.8096 223.534 19.1497 230.626 18.1735 219.764 16.6761
0 0 11 224.72 2.22067 228.058 2.17801 223.065 2.10169 222.612 2.08719 229.143 2.22987 227.312 2.25189 231.529 2.10393 229.225 2.123 226.893 2.17011 226.801 2.25495 222.535 2.21339 226.304 2.21431 224.499 2.04435
0 0 12 241.554 32.1538 243.166 33.6789 238.485 31.909 242.325 35.3465 238.796 33.1822 238.392 31.7858 237.361 34.1336 241.38 36.0679 243.648 36.9091 233.668 37.4472 246.583 36.7222 242.551 34.2186 239.709 31.1694
0 0 13 215.12 1.99352 213.533 2.04713 213.564 2.08846 210.306 1.9709 213.702 1.95716 215.626 2.09616 216.711 1.99772 215.463 1.96328 213.349 2.06102 214.511 2.24184 221.088 2.07404 218.04 2.09764 218.66 2.09282
0 0 14 242.243 32.6391 247.435 33.7207 242.199 31.473 244.731 35.213 236.094 32.8211 242.848 31.8573 242.773 34.6486 235.328 35.6939 243.079 36.5807 238.633 37.4307 241.022 36.3552 240.459 34.0801 238.364 31.2794
0 0 15 223.761 2.15066 226.17 2.16376 218.171 2.09612 223.865 2.08542 221.662 2.0587 226.714 2.14722 223.542 2.05904 223.391 2.19726 225.06 2.13182 217.527 2.15037 219.599 2.15146 226.752 2.29529 224.561 2.12478
0 0 16 227.22 32.1178 231.75 33.4972 233.421 31.1901 231.522 35.1821 230.396 33.5581 227.274 31.7645 233.255 34.2019 233.337 36.0136 234.822 36.4421 230.712 37.0244 230.407 36.223 241.689 33.9032 229.654 31.1498
0 0 17 226.114 2.12312 231.481 2.19862 221.918 1.96275 221.051 2.01202 222.108 2.07269 219.765 2.06846 228.516 2.2404 221.676 2.08577 228.009 2.23605 221.906 2.23509 225.174 2.28222 219.834 2.1119 223.763 2.21835
0 0 18 244.076 33.4429 239.581 34.8258 239.11 32.0304 242.694 35.8821 240.5 34.839 243.537 32.448 241.959 34.4364 238.472 36.6541 238.694 37.0846 235.693 38.2407 239.111 37.5165 246.527 34.6626 241.284 32.6184
0 0 19 227.801 2.21044 228.783 2.17368 232.712 2.1426 235.292 2.13083 233.686 2.15677 224.917 2.10545 230.582 2.29262 228.055 2.21603 231.491 2.34862 226.589 2.26805 225.089 2.3611 232.996 2.25968 228.839 2.09237
0 0 20 232.448 31.8801 236.445 33.5195 233.298 31.9429 237.605 35.0549 231.468 33.0144 224.8 31.7928 226.504 34.2848 236.517 35.9453 234.439 36.1864 232.43 37.4099 230.719 36.2118 232.446 33.6983 235.924 31.3875
0 0 21 211.295 2.05061 214.509 2.12541 219.458 2.11934 215.302 2.09055 215.259 2.07263 212.637 2.07385 213.75 2.05962 214.844 1.98104 215.753 2.10028 213.452 2.24071 214.724 2.12249 207.347 2.11233 214.126 1.91994
0 0 22 235.845 32.1859 229.638 33.5637 234.533 31.7501 228.92 34.8506 231.234 32.5083 231.559 31.577 227.67 34.1722 229.496 35.4722 232.522 36.2014 232.558 36.9318 233.268 36.341 232.499 33.7732 236.356 30.849
0 0 23 225.446 2.16644 224.156 2.10079 227.355 2.2335 221.104 2.03328 222.858 2.05352 219.26 2.02255 223.856 2.10606 220.782 2.02127 223.013 2.12025 222.122 2.12043 222.063 2.11511 225.879 2.20339 224.412 2.08423
0 0 24 238.612 32.7962 242.233 34.1909 236.154 32.1871 236.623 35.4105 235.536 33.2961 234.904 32.2782 236.258 34.5197 241.13 36.1513 239.206 36.8239 234.889 37.5686 232.363 37.0699 236.161 34.4293 235.171 32.0081
0 0 25 220.963 1.97083 229.263 2.1859 219.656 2.0082 224.165 2.094 222.97 2.12824 222.708 2.10617 225.823 2.17477 221.978 2.09716 221.76 2.12224 217.83 2.12917 220.306 2.15504 223.112 2.07163 221.822 2.16794
0 0 26 234.388 29.0251 239.356 30.3351 228.258 28.2859 232.194 31.9132 230.225 29.4855 232.576 28.7545 235.104 30.8936 239.731 32.4449 233.126 32.8679 229.173 33.2151 232.799 32.2954 232.832 30.2314 229.821 28.5735
0 0 27 222.514 2.0629 222.251 2.06208 222.616 2.01532 223.623 1.94328 225.662 2.11411 227.829 2.10804 224.381 2.07333 226.349 2.18676 229.054 2.35795 225.334 2.12697 221.95 2.11512 220.077 2.06279 224.702 2.06672
0 0 28 236.815 32.2891 237.634 33.8323 238.497 31.4993 239.039 34.7272 244.909 32.7788 230.972 32.0487 229.176 34.4232 236.793 35.5778 237.48 36.3564 239.199 37.3732 233.787 36.2942 242.473 33.8635 238.072 31.2209
0 0 29 228.353 2.16941 224.41 2.11322 223.22 2.10041 226.586 2.17424 224.935 2.09392 225.164 2.16934 222.233 2.06372 230.981 2.22355 231.034 2.21182 222.659 2.16166 222.036 2.15984 224.369 2.17401 223.482 2.16311
0 0 30 240.413 31.7982 241.445 33.0875 236.938 31.639 237.93 34.9216 238.483 32.7544 233.922 31.5801 229.81 33.7614 230.412 35.6303 233.205 36.3366 237.662 36.6695 230.524 35.9174 237.567 33.9345 239.603 30.9778
0 0 31 226.247 2.23964 223.073 2.1588 216.083 2.05248 221.903 2.04963 223.048 1.99979 226.109 2.19143 215.165 1.94711 228.361 2.19154 218.268 2.12684 224.031 2.15381 220.45 2.11743 216.954 2.14018 227.083 2.09926
0 0 32 228.239 31.5191 228.404 32.7655 233.631 31.5624 232.107 34.441 226.821 32.5107 225.473 31.2013 223.964 33.8706 228.177 35.3183 231.235 35.6973 225.622 36.6013 234.424 35.858 230.666 33.8903 228.753 31.1636
0 0 33 216.207 1.93341 223.312 2.05725 220.527 2.01258 222.324 2.06808 218.639 2.08826 218.222 1.9704 226.265 2.24725 225.874 2.19062 226.387 2.12832 220.587 2.1351 219.271 2.18667 229.676 2.27036 221.129 2.0054
0 0 34 229.454 31.8826 233.624 33.4127 237.708 31.2486 229.615 34.1959 237.14 32.3497 234.884 31.3605 234.797 33.5869 236.766 35.3439 235.959 35.7974 234.824 36.9267 235.04 36.1186 235.776 33.4804 236.525 30.8717
0 0 35 228.213 2.15933 222.717 2.22817 227.003 2.28659 224.784 2.04832 224.734 2.09564 216.663 1.97145 226.505 2.19139 222.422 2.06785 224.519 2.09174 222.319 2.16941 225.183 2.19017 227.311 2.2039 222.369 2.00521
0 0 36 225.137 31.1055 229.853 32.9884 227.717 31.4331 228.486 33.9973 225.295 32.7305 226.515 30.8609 228.102 33.2805 228.33 34.9415 231.968 35.5872 235.444 36.7148 232.694 36.361 230.788 33.7151 231.98 30.875
0 0 37 218.894 2.00006 221.485 1.96253 217.696 2.01723 220.816 2.01719 220.165 2.0881 217.948 2.0867 216.047 2.01335 220.666 2.0922 218.744 2.21248 225.776 2.3227 215.652 2.1862 215.666 2.11814 214.924 2.06117
0 0 38 230.462 32.3416 235.749 33.6005 235.409 32.1085 233.959 35.278 237.14 32.9142 224.34 31.8584 236.98 34.352 236.114 35.9612 231.779 36.272 232.433 37.0779 231.109 35.9149 233.05 34.2946 232.52 31.4432
0 0 39 231.34 2.23093 227.253 2.1499 231.501 2.08659 229.244 2.23023 226.842 2.12058 227.081 2.27482 231.708 2.20951 229.18 2.15627 228.567 2.13982 225.827 2.30589 230.702 2.36684 223.881 2.16703 226.823 2.18137
0 0 40 226.974 31.6835 224.701 33.0287 223.595 31.5359 229.64 34.4225 237.301 32.6418 221.184 31.4308 222.634 33.9377 225.441 35.5433 222.846 35.8858 229.372 36.6434 224.217 35.7173 230.462 33.5095 228.794 30.1076
0 0 41 228.293 2.14525 228.153 2.16908 223.052 2.14157 219.437 1.96172 219.23 1.99366 223.074 2.12703 224.981 2.10346 217.904 1.92321 225.206 2.1137 226.384 2.18858 223.912 2.25422 225.789 2.11844 220.815 2.05186
0 0 42 235.316 31.0297 228.459 32.688 226.177 31.2316 223.98 34.2607 230.077 32.4654 225.73 31.039 221.811 33.677 226.412 35.0427 224.618 35.1732 223.551 36.2886 223.991 35.7715 226.356 33.353 228.318 30.7028
0 0 43 221.897 1.99949 216.888 2.06098 218.059 2.02566 221.52 2.03524 215.481 2.05936 215.483 1.98838 220.459 2.0901 218.816 2.07552 218.111 2.11703 213.533 2.20873 215.773 2.07904 216.468 2.12099 219.254 2.02604
0 0 44 238.203 37.5882 235.753 39.1467 231.38 36.8236 234.071 39.2823 232.199 38.3972 231.395 36.568 231.996 40.0633 230.996 41.4241 229.363 41.382 228.012 42.2682 238.455 41.2554 229.943 39.0843 230.544 36.8815
0 0 45 217.718 2.06735 217.565 2.01847 220.786 2.1242 219.875 2.0492 218.643 2.00535 215.795 1.99133 215.894 2.07311 219.594 1.97102 220.281 2.12549 215.283 2.19625 217.091 2.09531 222.475 2.11702 214.621 1.9696
0 0 46 214.92 12.5513 212.609 12.9093 212 12.4925 212.955 13.4418 221.014 12.7337 211.361 12.3564 207.534 13.2871 208.369 14.0026 217.703 14.7645 215.644 14.4385 212.853 13.4168 211.654 12.7834 215.295 11.934
0 0 47 223.325 2.15537 224.144 2.0498 224.728 2.13676 228.492 2.25391 226.342 2.16776 227.631 2.18198 226.25 2.20715 225.62 2.27949 224.906 2.36755 224.476 2.29722 230.118 2.32853 224.01 2.13428 223.877 2.20884
0 0 48 227.78 31.8255 222.235 33.0911 225.749 31.3767 224.324 34.3818 218.767 33.1113 224.517 31.7439 226.338 33.8137 224.996 35.6571 225.104 35.7198 221.22 36.7874 226.77 36.5962 223.64 33.9017 226.578 30.3927
0 0 49 219.558 2.08146 222.759 2.05235 218.239 2.21156 224.839 2.10643 220.332 2.09512 223.864 2.16623 221.006 2.15161 216.991 1.88886 223.702 2.1286 223.492 2.24773 219.983 2.14771 225.162 2.21793 217.886 2.09847
0 0 50 224.004 16.7619 215.369 17.2357 222.303 16.6764 219.656 18.2729 227.842 17.2265 224.183 17.075 223.024 18.2793 223.172 18.9862 227.975 19.8154 218.908 19.4109 224.502 18.6858 225.525 17.5784 220.761 16.1092
0 0 51 222.182 2.09021 219.086 2.11581 217.96 2.10268 214.904 2.06346 217.535 1.97754 218.894 2.16559 215.991 2.05014 220.788 2.01248 214.611 2.10421 212.533 2.18004 213.286 2.16314 212.169 2.09667 218.376 2.06329
0 0 52 235.981 31.7045 231.685 33.1382 231.941 31.3914 230.126 34.6146 231.299 32.6492 231.897 31.8526 233.031 34.1553 235.361 35.4501 231.969 35.9957 231.053 36.8796 234.689 35.892 232.461 33.8596 229.429 30.7988
0 0 53 218.153 2.09592 215.211 2.00524 215.485 2.02959 221.135 2.08124 217.357 2.16676 218.761 1.98451 221.308 2.07267 217.504 2.04234 219.101 2.14668 213.634 2.15249 216.455 2.09773 217.571 2.17879 215.418 2.02953
0 0 54 233.361 31.8383 229.193 33.0069 228.923 31.6403 234.177 34.8196 228.094 32.8777 234.483 31.4171 227.217 34.0662 235.366 36.0808 228.38 35.8413 226.43 36.7532 236.209 36.254 224.676 33.8121 234.024 30.7646
0 0 55 226.052 2.21587 224.336 2.25143 224.948 2.14434 224.639 2.18751 221.331 2.09914 224.859 2.23163 222.137 2.10824 223.155 2.13405 222.982 2.22157 224.745 2.17522 223.032 2.28517 226.049 2.24738 230.329 2.13073
0 0 56 221.336 17.4966 214.456 17.888 213.638 16.988 218.731 18.7336 212.957 17.4259 215.776 17.0621 212.75 18.6887 219.577 19.306 218.968 19.8218 215.671 19.698 214.004 18.7701 218.011 17.6932 217.157 16.3817
0 0 57 219.202 2.13378 223.818 2.19085 225.634 2.14825 226.489 2.20639 220.465 2.04507 223.891 2.22561 223.459 2.15613 217.655 2.06419 221.746 2.2386 227.616 2.34489 221.213 2.12978 227.121 2.19098 224.616 2.18931
0 0 58 228.163 32.042 233.179 34.1823 238.757 32.4753 237.402 35.1089 235.932 33.7933 233.785 32.2176 236.375 34.1974 238.044 36.7094 239.281 36.8761 238.915 37.5869 243.529 36.8893 237.96 34.6979 235.612 31.7491
0 0 59 216.704 2.04586 218.929 2.02438 224.107 2.14196 219.716 2.05238 225.854 2.33169 216.269 2.19623 222.123 2.0996 223.238 2.18896 224.132 2.21114 223.463 2.17594 220.753 2.14088 220.459 2.06462 216.856 2.05548
0 0 60 227.371 31.5917 228.705 33.1024 232.506 31.7603 230.422 34.315 223.926 32.766 230.058 31.4744 230.688 33.7571 229.812 35.0477 227.228 35.2964 226.28 36.6753 230.622 36.1253 231.716 34.028 231.541 30.9489
0 0 61 221.804 2.08824 224.051 2.04428 221.724 2.07167 224.689 2.10381 221.965 2.09154 221.7 2.12962 222.464 2.09155 224.397 2.25136 224.95 2.18525 220.067 2.23276 234.42 2.25603 221.396 2.10237 222.199 2.02976
0 0 62 230.25 32.8157 231.887 33.5929 227.521 32.048 231.152 35.084 227.647 33.3559 234.821 32.2774 237.217 34.857 232.838 36.1449 232.762 36.5585 229.772 37.3788 229.386 36.4021 235.453 34.4937 232.514 31.6799
0 0 63 228.255 2.09867 226.85 2.08036 225.601 2.05548 225.959 2.19805 223.314 2.18407 226.565 2.27862 220.136 2.15298 223.698 2.203 228.135 2.28766 219.378 2.21817 224.745 2.32593 222.598 2.07586 226.364 2.16612
0 1 0 231.531 34.5771 237.642 35.8054 228.866 33.9192 227.544 37.2615 230.421 35.8733 230.938 33.6063 230.665 36.7555 231.309 38.005 237.124 38.5112 231.46 39.8299 229.78 38.8428 228.802 36.1737 234.037 33.7564
0 1 1 228.066 2.16982 226.093 2.07142 228.15 2.10829 228.258 2.15105 229.499 2.16147 227.628 2.13101 228.691 2.16397 226.636 2.11373 226.117 2.14348 228.47 2.17133 224.246 2.14608 230.159 2.19864 229.76 2.18921
0 1 2 238.558 35.406 241.061 36.2039 239.356 33.9466 240.522 37.307 239.819 35.7326 233.07 33.7759 242.77 37.0533 241.841 38.3575 241.475 38.8589 239.751 40.0991 233.786 39.1155 237.838 36.4849 238.419 34.051
0 1 3 232.076 2.23414 227.478 2.06003 225.877 2.23765 233.123 2.32314 231.124 2.19804 224.376 2.19501 225.825 2.23085 226.41 2.17273 228.159 2.20633 226.671 2.19639 228.119 2.1266 225.956 2.23434 226.535 2.1629
0 1 4 232.592 34.5767 235.695 35.8557 226.552 33.6388 225.994 37.0008 225.066 35.5436 227.229 33.5048 231.275 36.8166 228.86 37.8841 232.311 38.288 227.99 38.9529 234.235 38.5252 230.809 36.2839 232.008 33.4158
0 1 5 231.917 2.18958 231.564 2.16781 225.809 2.16812 227.547 2.21707 227.896 2.25618 229.617 2.26376 227.246 2.26805 224.083 2.16281 229.664 2.30391 230.533 2.22787 228.888 2.31145 226.803 2.30279 229.78 2.23152
0 1 6 229.386 34.4446 231.507 35.7561 232.953 33.5828 230.89 37.2957 227.137 35.4101 225.374 33.2677 226.712 36.4418 220.521 37.5726 233.007 38.8778 224.4 39.3838 226.803 38.5787 227.287 36.6719 222.799 33.3304
0 1 7 231.069 2.31148 232.669 2.36878 231.776 2.25496 230.92 2.33065 226.24 2.17121 223.614 2.25877 223.33 2.18286 223.127 2.20217 226.613 2.20855 221.025 2.24769 228.26 2.30229 225.552 2.25884 229.297 2.15688
0 1 8 230.23 35.2291 232.831 36.1391 237.196 34.0933 232.961 37.3933 230.766 36.332 231.113 33.8288 230.177 36.7545 234.673 38.3667 229.804 38.6452 228.138 39.9356 229.78 39.5731 238.957 36.7896 224.968 34.1102
0 1 9 239.894 2.32981 230.378 2.17202 236.543 2.33451 234.887 2.24907 231.825 2.16976 230.126 2.30479 232.777 2.2811 228.806 2.21711 236.029 2.4523 229.584 2.18738 233.728 2.3875 225.027 2.18331 230.614 2.14638
0 1 10 233.282 35.2112 232.001 35.8952 233.165 33.9184 228.946 37.2231 228.116 35.7025 226.318 33.7075 228.408 36.7585 228.851 38.2382 235.44 38.8364 228.236 39.6676 228.509 38.6385 230.455 36.3791 228.975 33.9726
0 1 11 237.609 2.29211 230.048 2.31948 235.178 2.29844 236.891 2.21449 232.396 2.2223 233.839 2.17824 239.611 2.25047 239.715 2.30122 238.047 2.42866 235.883 2.3965 234.632 2.4447 234.392 2.20735 239.004 2.29252
0 1 12 227.534 34.372 226.177 35.8302 223.159 33.3878 224.711 36.8825 223.802 35.3557 219.647 33.4308 226.064 36.3843 222.712 37.5837 230.272 38.2444 217.565 39.0161 224.314 38.6397 228.466 35.9182 220.984 32.9523
0 1 13 227.695 2.25489 224.529 2.21957 228.448 2.18529 226.02 2.12037 226.66 2.1488 229.862 2.22138 222.903 2.12532 223.717 2.11876 231.766 2.39535 228.224 2.22284 227.888 2.26873 231.704 2.26606 231.034 2.06299
0 1 14 235.967 35.006 239.871 36.5251 242.728 34.1305 243.495 37.3862 238.64 36.9613 236.459 34.4705 245.439 37.399 243.401 38.7144 243.747 39.7266 242.779 40.0586 246.935 39.7275 242.865 36.7339 238.847 34.1039
0 1 15 233.007 2.39066 227.532 2.21297 233.872 2.16905 236.45 2.24563 232.374 2.13154 230.148 2.16882 237.671 2.27832 227.236 2.15043 231.409 2.2831 234.772 2.36072 229.265 2.22325 229.017 2.16791 235.395 2.32077
0 1 16 227.196 13.5637 228.267 13.5828 223.776 13.0263 224.065 14.5747 229.643 13.5187 230.697 13.1518 216.681 14.7184 230.257 15.711 228.018 16.1272 227.179 15.5679 225.502 14.6007 222.304 13.7416 225.09 13.1207
0 1 17 220.651 2.08367 228.189 2.17993 231.743 2.24686 218.878 2.11627 222.348 2.07206 220.447 2.08885 221.668 2.14329 225.493 2.13255 225.835 2.25506 232.669 2.26283 222.042 2.19279 221.871 2.11789 223.066 2.14775
0 1 18 242.893 34.7938 244.528 36.1852 241.531 33.7207 242.872 37.238 240.883 36.059 240.852 33.7978 237.265 36.7111 234.174 38.585 233.491 38.4539 233.805 39.4392 242.164 39.0755 239.605 36.9037 248.953 33.2737
0 1 19 239.641 2.29663 230.664 2.27264 229.714 2.23332 231.229 2.19439 232.198 2.24377 232.469 2.26399 229.791 2.25344 226.943 2.20178 228.819 2.18431 234.004 2.37329 231.858 2.28693 233 2.30089 236.158 2.21394
0 1 20 235.582 34.8953 222.647 35.6162 226.441 33.8096 219.938 36.8228 222.03 36.0038 222.428 33.6121 226.067 36.8484 227.164 38.2582 226.491 38.5243 228.83 39.8076 228.796 39.0887 223.43 37.0692 230.544 33.3954
0 1 21 229.678 2.26011 222.642 2.22304 230.49 2.23355 227.739 2.1608 222.202 2.08479 226.496 2.02819 221.98 2.07503 223.601 2.14653 228.531 2.23814 230.697 2.15988 230.797 2.1586 227.752 2.27457 228.35 2.18661
0 1 22 225.69 18.4761 228.055 18.7282 222.682 17.7733 226.669 19.958 221.387 18.5599 228.672 18.1984 231.645 19.8586 227.496 20.5457 226.17 21.3104 224.584 21.1222 229.181 19.9282 230.917 18.722 228.227 17.6407
0 1 23 228.142 2.23798 223.432 2.03986 231.07 2.13621 224.517 2.0832 229.64 2.2686 224.266 2.12812 229.79 2.19965 225.749 2.20643 226.254 2.19906 225.654 2.25869 227.613 2.20493 227.373 2.15238 231.14 2.17561
0 1 24 234.335 34.6498 236.374 35.7961 237.516 33.8604 239.041 37.6162 237.036 35.9403 234.666 33.5647 234.777 36.416 233.076 38.4835 239.854 39.0164 242.307 39.9388 241.433 38.5327 236.753 36.3794 233.284 33.5879
0 1 25 226.225 2.19498 229.033 2.17552 231.18 2.16708 232.846 2.25053 226.975 2.15665 224.615 2.16754 222.777 2.2078 230.255 2.32796 227.518 2.25456 224.975 2.27938 231.629 2.21837 229.75 2.22628 229.915 2.16381
0 1 26 233.784 18.5321 232.145 18.9487 229.65 17.5934 229.511 19.8202 224.264 18.7057 224.26 17.9127 230.179 19.9088 226.753 20.684 227.93 21.3514 229.395 21.1276 227.892 20.0308 229.154 19.0287 230.013 17.5398
0 1 27 234.894 2.20358 238.637 2.36224 232.941 2.28192 237.054 2.38251 231.288 2.27253 234.765 2.34657 246.767 2.27539 238.895 2.39294 247.232 2.16364 235.53 2.39941 234.506 2.46347 238.518 2.32077 236.777 2.38899
0 1 28 238.134 34.7757 243.001 35.675 232.128 34.2596 235.147 37.5999 233.225 36.1532 238.554 33.8497 236.619 36.8829 237.956 38.0117 231.947 38.1276 239.578 39.6076 239.351 38.7467 238.3 36.357 239.475 33.6771
0 1 29 227.541 2.17989 232.593 2.35141 225.985 2.10195 224.93 2.10902 227.493 2.1708 226.228 2.13453 232.325 2.20783 220.019 2.07127 228.718 2.2369 231.1 2.2263 230.944 2.26668 231.478 2.25298 231.542 2.12987
0 1 30 233.639 34.731 232.438 35.8074 233.896 33.5496 230.747 37.6952 234.017 35.8886 236.203 33.5678 236.515 36.6165 235.866 38.2369 234.289 38.635 238 39.8208 238.272 38.6086 233.089 36.6572 235.202 33.5853
0 1 31 231.019 2.22316 229.281 2.20954 235.559 2.36823 233.004 2.24513 228.088 2.15633 225.933 2.28484 234.333 2.25529 225.904 2.14634 228.626 2.19988 228.498 2.20566 224.911 2.2074 227.01 2.1959 226.953 2.12447
0 1 32 241.302 35.143 238.749 36.1536 245.028 34.2019 246.739 37.6614 238.098 35.5597 241.032 33.5228 241.671 37.0608 245.063 38.5461 243.456 39.2703 245.066 40.2184 245.472 38.9021 246.613 36.3614 239.662 33.9056
0 1 33 230.698 2.19745 233.276 2.18927 233.105 2.09476 227.116 2.09523 232.311 2.25095 229.206 2.23987 233.794 2.27581 232.229 2.2164 225.782 2.11599 232.974 2.31411 232.17 2.30607 226.016 2.2089 232.263 2.12236
0 1 34 217.408 13.514 215.578 13.7823 222.938 12.8857 225.276 14.6413 216.553 13.6177 216.903 13.1046 224.007 14.4622 223.023 14.9809 221.262 15.5525 223.346 15.3197 221.869 14.3934 219.877 13.6053 216.174 12.8427
0 1 35 231.034 2.154 229.767 2.12911 228.412 2.21049 229.184 2.13533 228.238 2.15567 233.164 2.20122 231.68 2.3335 228.991 2.27969 235.158 2.50524 230.234 2.25871 234.968 2.38681 232.32 2.33237 234.038 2.2004
0 1 36 232.946 34.8117 243.112 36.3313 243.116 33.941 234.433 37.6672 241.283 36.1292 235.376 33.8489 243.87 37.0858 238.54 38.7437 239.357 39.0443 241.449 39.8253 241.404 39.0688 243.858 36.4632 245.992 34.0184
0 1 37 226.066 2.10217 225.025 2.19294 231.444 2.21418 232.374 2.31904 229.118 2.25546 223.782 2.13796 229.578 2.18019 228.93 2.21759 224.257 2.28673 225.868 2.26183 227.699 2.3683 222.671 2.17978 220.694 2.21081
0 1 38 232.996 34.4114 230.875 35.568 232.586 34.1828 233.163 37.4733 229.308 35.8607 233.999 33.6749 226.511 36.497 226.05 37.9768 225.996 38.4111 229.038 39.2222 225.705 38.7629 239.491 36.5817 230.287 33.9069
0 1 39 233.438 2.29761 238.177 2.33165 229.772 2.09805 231.633 2.34477 232.036 2.30233 233.938 2.34732 227.179 2.1525 230.886 2.36616 236.414 2.41157 229.991 2.26823 232.134 2.32427 234.872 2.35075 232.483 2.27328
0 1 40 245.037 35.3081 241.808 36.1608 243.466 34.1347 251.968 37.8283 240.772 35.8697 240.216 34.0934 239.891 37.6259 239.096 38.4301 239.129 38.8133 243.242 40.4161 240.266 39.0563 239.997 37.3444 246.038 33.8315
0 1 41 218.361 2.07897 224.241 2.08885 220.877 2.11984 217.319 2.29651 218.841 2.17863 218.71 2.20369 218.185 2.15069 214.818 2.18962 217.969 2.22832 214.71 2.17419 218.804 2.17355 214.73 2.2566 216.507 2.08064
0 1 42 235.258 34.7588 233.208 36.1612 236.49 33.6313 237.784 37.3419 236.396 35.9573 233.007 33.484 231.986 36.5489 234.636 38.7281 240.863 38.5883 236.264 39.2583 233.544 39.0146 228.405 36.3228 236.199 33.8685
0 1 43 242.063 2.22202 242.49 2.24318 234.856 2.35217 235.884 2.28477 236.503 2.42667 235.406 2.43469 237.323 2.26655 235.074 2.39988 241.852 2.21243 239.097 2.44159 246.322 2.28407 232.527 2.45235 238.997 2.31977
0 1 44 237.588 34.7475 241.501 36.1163 239.829 34.1762 234.824 37.0567 233.611 35.9336 232.473 33.7625 240.454 36.6624 230.788 38.1551 235.149 38.7427 235.366 39.7256 236.624 39.2962 239.694 36.615 236.064 33.6402
0 1 45 224.419 2.15965 232.573 2.40166 227.022 2.12679 226.562 2.07047 234.098 2.34992 235.9 2.35219 227.482 2.24039 226.448 2.14354 229.389 2.2073 228.253 2.25893 229.318 2.25775 226.367 2.2695 229.821 2.10334
0 1 46 240.019 34.7269 238.85 35.6537 242.767 34.0826 238.48 37.1839 238.406 35.5308 234.832 33.8305 238.765 36.6684 235.409 38.2447 235.439 38.3884 239.07 39.555 238.269 38.8484 238.26 36.4762 235.9 33.603
0 1 47 225.619 2.26271 228.285 2.18217 234.798 2.29001 226.02 2.17777 232.032 2.22742 228.576 2.19322 235.911 2.35069 231.359 2.32902 231.406 2.38324 235.611 2.49638 231.406 2.37056 229.314 2.30656 234.982 2.29491
0 1 48 245.097 34.8107 247.484 36.3243 243.503 33.839 238.495 37.2153 241.325 36.3334 239.106 33.9575 241.162 37.3686 240.222 38.463 246.265 39.1051 243.157 40.0705 242.784 38.9454 242.813 36.5333 239.189 34.0899
0 1 49 224.259 2.16161 224.987 2.17974 223.105 2.18829 222.131 2.24877 225.01 2.19988 233.817 2.40493 226.976 2.14182 223.683 2.23713 222.496 2.33927 232.271 2.24844 224.527 2.29208 226.908 2.25686 232.338 2.23869
0 1 50 224.551 34.8561 227.658 36.0106 226.749 33.6222 234.681 37.2036 224.152 35.9099 226.871 33.7399 229.678 36.8797 222.844 38.0663 222.982 38.1869 230.223 39.5669 227.019 39.1054 225.387 36.5052 230.959 33.5759
0 1 51 221.175 2.17566 229.576 2.23674 227.602 2.16028 226.433 2.27408 228.988 2.28463 226.657 2.16623 231.845 2.27674 230.813 2.28741 226.308 2.17707 225.319 2.32134 231.186 2.39215 231.307 2.27906 225.696 2.20545
0 1 52 236.454 35.1108 240.567 36.4018 242.326 34.1402 231.681 37.3114 238.494 36.254 233.763 34.2377 234.778 36.7737 241.648 38.7733 237.734 39.1081 241.95 40.2346 237.794 39.6606 240.386 37.175 238.6 34.276
0 1 53 226.512 2.20373 227.147 2.20668 218.322 2.2238 224.839 2.22895 222.656 2.14441 220.459 2.1263 221.827 2.21971 223.68 2.22428 227.02 2.31058 222.634 2.29216 224.544 2.33164 220.294 2.30361 223.979 2.1262
0 1 54 235.564 34.9223 235.846 35.8779 233.507 33.8154 228.11 37.6394 235.61 35.8984 236.981 33.7536 231.944 36.5822 229.469 38.1056 233.867 38.8828 232.3 39.7608 235.207 38.9458 234.654 36.6425 232.468 33.8651
0 1 55 231.485 2.32194 232.897 2.43571 232.263 2.21424 236.501 2.23712 230.328 2.31623 235.626 2.32653 230.691 2.27232 227.092 2.15908 229.944 2.35078 231.151 2.34925 231.742 2.27495 235.205 2.37746 231.171 2.25441
0 1 56 238.906 34.5035 236.054 35.744 234.217 33.4687 236.581 37.3374 234.053 35.13 238.485 33.5049 232.379 36.9114 234.08 38.1907 235.928 38.154 242.738 39.649 229.875 38.2661 237.811 35.9655 235.219 33.6303
0 1 57 224.77 2.17342 221.036 2.13773 221.169 2.0966 227.229 2.11765 224.029 2.10814 219.919 2.21666 220.332 2.33313 215.985 2.19217 221.604 2.20102 230.701 2.21041 221.814 2.2167 221.783 2.22877 221.997 2.19848
0 1 58 236.578 34.8556 236.225 36.3943 238.242 33.814 235.759 36.8337 235.936 35.7541 235.877 34.0799 239.969 36.4535 229.715 37.9165 229.355 38.1565 231.133 39.5463 238.309 39.3253 239.225 36.6521 240.322 33.5728
0 1 59 230.385 2.36797 230.078 2.24118 238.318 2.42638 231.356 2.33478 237.879 2.33774 232.666 2.2773 236.206 2.45017 231.794 2.38853 231.487 2.4155 235.242 2.32409 230.931 2.30754 234.879 2.5656 233.299 2.34657
0 1 60 221.936 18.4163 225.581 18.8835 221.941 17.3787 228.952 19.9165 221.767 18.3416 224.923 18.1512 225.05 19.7089 223.35 20.1571 219.417 20.9201 220.508 20.9219 232.675 19.8474 232.062 18.7662 224.702 17.479
0 1 61 232.057 2.24651 228.363 2.14013 229.021 2.18767 226.585 2.17162 230.434 2.22439 229.483 2.17789 229.013 2.1035 227.636 2.20102 231.139 2.32825 227.417 2.26827 228.763 2.18491 228.897 2.18924 230 2.07623
0 1 62 233.126 34.5564 230.647 35.5846 232.889 33.7386 226.097 37.2355 230.633 35.6742 222.399 33.2157 227.725 36.6815 227.756 37.8796 233.778 38.3021 232.893 39.6099 227.698 38.4552 223.861 36.131 229.825 33.6085
0 1 63 233.66 2.21807 230.451 2.2087 233.243 2.26314 227.181 2.09856 225.292 2.11485 224.599 2.16833 227.757 2.16046 225.517 2.20453 224.443 2.18407 232.098 2.33329 226.832 2.26112 228.471 2.33974 228.02 2.22522
0 2 0 211.993 34.4939 210.406 35.9542 218.104 34.3306 210.09 37.3387 209.929 35.7064 215.496 33.6068 207.956 37.1261 207.32 37.9131 215 38.4255 211.969 39.4035 215.273 38.9645 215.763 36.0827 207.427 33.7797
0 2 1 226.017 2.19239 218.788 2.17779 228.497 2.22692 223.572 2.0862 228.231 2.33254 224.361 2.20404 227.84 2.22679 235.994 2.25005 222.344 2.25763 222.78 2.3597 232.967 2.47643 225.428 2.36503 226.288 2.14292
0 2 2 205.649 35.3664 210.798 36.0267 209.674 34.2308 204.649 37.4836 203.882 36.5861 201.324 33.9285 204.478 37.4239 200.223 38.235 202.825 38.3273 200.461 39.2876 204.283 39.3137 205.143 36.5484 201.339 33.8547
0 2 3 224.172 2.20203 218.634 2.18534 217.208 2.2016 226.205 2.13348 222.051 2.25705 224.835 2.23871 221.187 2.22241 223.48 2.17047 217.784 2.33082 227.037 2.31302 225.062 2.26209 221.273 2.23902 225.647 2.25046
0 2 4 214.778 34.744 209.392 35.7248 205.61 34.4317 214.836 37.7159 212.931 36.1127 214.302 34.1847 217.013 37.5356 207.498 37.774 216.513 38.7631 215.307 39.6876 218.722 39 213.928 36.8414 205.921 33.6725
0 2 5 224.253 2.26505 230.586 2.33992 226.083 2.21317 225.9 2.16117 226.447 2.33007 225.758 2.18071 232.403 2.22299 229.635 2.37529 229.547 2.43557 227.977 2.33555 228.676 2.33218 229.977 2.42288 232.726 2.36585
0 2 6 227.584 35.0917 219.923 35.704 223.632 34.3682 219.821 37.662 220.724 36.4237 220.919 34.0458 218.233 37.7501 220.219 38.6805 222.808 38.8561 230.673 40.285 222.072 38.7171 222.489 36.485 221.46 34.0964
0 2 7 217.747 2.22747 217.757 2.24983 227.325 2.25715 216.521 2.20566 213.799 2.22995 220.598 2.24017 222.886 2.24751 215.404 2.16508 218.341 2.25872 220.272 2.27255 212.112 2.26619 223.419 2.19026 223.713 2.16964
0 2 8 202.8 35.7794 198.163 36.0286 205.579 34.6956 201.919 37.3961 199.217 36.5899 198.967 34.1148 198.662 37.1202 199.923 38.2544 199.763 38.4213 202.423 39.7476 199.377 39.4196 199.151 37.0435 202.475 34.3776
0 2 9 229.718 2.33573 226.387 2.32378 227.58 2.33162 227.975 2.31502 233.867 2.28711 227.296 2.27997 225.784 2.29148 224.089 2.23821 227.247 2.41803 227.262 2.2882 224.858 2.27748 228.704 2.30436 224.839 2.16405
0 2 10 224.097 35.8377 224.474 36.8089 224.675 35.3824 223.103 38.5699 220.546 37.0862 218.563 34.823 225.994 38.4543 225.293 39.1389 224.001 39.4407 223.633 40.5801 216.534 39.7467 228.756 37.7182 218.617 35.1626
0 2 11 223.339 2.1405 221.055 2.09994 218.286 2.16519 213.022 2.1533 217.198 2.18504 219.846 2.11144 213.491 2.22956 218.175 2.21309 218.8 2.20961 215.575 2.26077 225.583 2.31448 219.825 2.13821 217.095 2.08528
0 2 12 215.247 13.8584 210.286 13.8572 208.267 13.0498 208.335 14.5941 219.344 13.7073 210.701 13.4305 217.66 14.5893 215.406 15.0961 214.434 15.4468 214.663 15.338 220.584 14.4887 220.179 13.5789 212.893 12.6413
0 2 13 226.838 2.23086 220.1 2.26516 229.412 2.17803 221.666 2.17894 219.11 2.17768 225.052 2.30671 221.805 2.20532 220.14 2.12821 220.262 2.36141 220.526 2.32634 223.401 2.24378 220.261 2.21657 222.003 2.22847
0 2 14 218.063 36.0426 219.89 36.9548 217.42 34.8769 214.485 38.3739 220.132 37.4596 220.495 34.7082 215.096 38.4687 217.203 39.0733 222.232 39.4105 218.176 40.9073 228.374 40.0409 223.593 37.4827 219.397 34.7434
0 2 15 231.484 2.39413 229.336 2.27392 222.654 2.21957 228.228 2.34017 219.448 2.24803 217.284 2.20049 223.615 2.24197 223.33 2.27183 220.534 2.26795 221.88 2.19415 224.624 2.28255 222.049 2.20289 229.636 2.45582
0 2 16 218.87 18.7766 223.997 19.2138 217.083 18.0056 219.344 20.2102 216.191 18.6935 216.737 18.3946 212.814 20.6649 217.435 21.1826 219.224 21.4926 224.496 21.2888 223.148 20.2494 219.08 19.1845 222.034 18.1592
0 2 17 223.904 2.14048 223.324 2.21934 217.878 2.21675 228.215 2.28779 226.669 2.30017 228.104 2.28406 221.692 2.2064 220.031 2.12127 226.482 2.42875 223.693 2.39002 221.44 2.08015 230.749 2.32356 230.857 2.33936
0 2 18 224.677 35.3877 222.525 36.1295 224.058 34.5197 229.102 37.7894 220.866 36.056 226.939 34.2582 227.386 38.1795 222.397 38.5388 225.832 38.6448 225.433 40.3112 219.472 39.3644 223.29 36.6308 221.733 34.2851
0 2 19 222.296 2.15551 227.778 2.18909 226.804 2.19189 223.147 2.0895 220.026 2.12388 227.836 2.2585 222.333 2.16796 225.504 2.29033 223.534 2.26344 229.758 2.29556 227.986 2.28472 230.582 2.31256 225.727 2.29172
0 2 20 209.73 35.1487 210.645 36.0912 209.997 34.7099 212.522 37.5864 206.767 36.5096 207.437 33.9964 208.155 37.1605 206.447 38.4123 215.088 38.7141 208.969 39.8607 210.268 39.624 202.571 37.0485 214.323 34.2252
0 2 21 208.505 2.3623 212.981 2.14068 212.166 2.16986 210.537 2.1823 208.673 2.20489 210.859 2.21924 214.302 2.1454 220.155 2.12239 210.561 2.38613 212.477 2.30233 209.511 2.19472 215.871 2.15283 215.329 2.14855
0 2 22 209.557 34.7178 211.151 35.9414 205.172 34.2031 203.292 37.4636 212.714 36.2121 207.55 33.4201 204.814 36.9905 206.394 38.4182 211.667 39.031 211.187 39.6585 208.063 39.1155 207.077 37.1698 207.664 34.1483
0 2 23 222.299 2.20823 215.339 2.20797 217.279 2.18423 219.276 2.12443 219.672 2.205 223.496 2.24295 220.392 2.06497 219.933 2.10696 216 2.30243 217.605 2.23615 223.305 2.23682 218.429 2.1801 217.267 2.23877
0 2 24 210.199 34.9312 213.65 35.9167 215 33.9962 204.704 36.8114 211.41 36.0403 201.351 33.4665 207.488 36.749 209.334 37.6839 204.845 37.6804 206.192 38.956 214.665 38.7 213.32 36.6088 213.671 33.8416
0 2 25 221 2.20417 222.342 2.1596 215.506 2.14893 220.414 2.08843 221.158 2.18701 224.543 2.1875 220.934 2.01531 222.161 2.12882 219.292 2.25155 221.001 2.23214 222.765 2.2437 215.491 2.17597 226.631 2.15854
0 2 26 201.928 34.6271 208.887 35.6273 206.475 34.4427 210.084 37.1965 207.483 35.7649 206.45 33.4959 209.142 36.8083 212.95 38.3264 218.196 38.5501 208.286 39.8047 216.445 39.0311 211.399 36.5729 212.086 33.5753
0 2 27 228.834 2.20895 217.923 2.15494 230.052 2.12278 224.044 2.13842 216.545 2.16034 227.938 2.21563 220.033 2.19123 225.771 2.2826 226.146 2.33752 227.922 2.38433 230.817 2.44767 226.953 2.23877 227.573 2.27091
0 2 28 224.824 34.9209 218.439 35.834 213.84 34.1817 218.379 37.4254 223.919 36.0636 221.006 34.0321 221.225 37.0668 216.711 38.0122 222.108 38.3718 215.243 39.0898 224.193 38.6051 215.197 36.233 215.24 33.9024
0 2 29 230.649 2.31655 221.962 2.17445 225.939 2.20416 227.035 2.23547 228.565 2.28594 224.65 2.1894 222.579 2.18145 223.439 2.21763 223.001 2.30528 227.404 2.35889 229.974 2.46866 238.693 2.16344 227.747 2.32456
0 2 30 201.498 34.2955 204.76 35.3577 207.042 33.7145 204.171 36.5717 201.379 35.4373 208.074 33.2949 204.263 36.0967 203.765 36.9117 200.55 37.2273 203.939 38.9182 203.58 38.2335 210.743 35.5104 204.802 33.383
0 2 31 222.675 2.10228 220.526 2.16725 218.49 2.20413 221.608 2.2384 222.47 2.17658 221.633 2.18455 219.114 2.16383 220.18 2.06497 225.085 2.22922 225.419 2.29017 222.035 2.25407 225.034 2.17827 221.483 2.10957
0 2 32 211.23 34.8366 212.516 35.3544 212.577 34.1129 208.628 37.2666 212.734 36.1352 212.138 33.5139 207.227 36.241 211.78 37.5044 212.308 38.3339 211.047 38.7989 213.714 38.5941 216.416 36.4111 213.223 33.988
0 2 33 227.794 2.15439 229.035 2.32565 225.205 2.2039 220.925 2.10676 228.351 2.32468 218.839 2.06959 226.548 2.12659 224.75 2.22734 224.734 2.27675 224.521 2.28126 222.46 2.16202 223.011 2.26314 223.996 2.10561
0 2 34 208.854 34.4149 208.231 34.8643 208.525 33.7018 214.348 37.3009 208.701 35.4952 204.747 33.1669 206.731 36.7683 214.581 37.6877 207.405 37.9024 202.98 38.7505 209.181 38.6144 210.099 35.8962 206.336 33.8135
0 2 35 229.259 2.39818 228.763 2.26525 232.135 2.25085 233.653 2.35774 224.237 2.28248 225.855 2.20354 230.761 2.31284 221 2.10942 225.7 2.36679 229.985 2.423 222.845 2.27062 235.344 2.28065 225.201 2.16401
0 2 36 222.864 34.3936 223.164 36.1287 219.972 33.8249 218.116 37.1495 220.626 36.1875 223.708 33.9842 225.569 36.7807 227.685 38.3534 214.906 38.8161 217.464 39.2097 221.255 38.9073 224.11 37.0547 220.982 33.718
0 2 37 234.938 2.38208 229.587 2.3615 231.193 2.3578 226.923 2.25221 226.65 2.28635 230.698 2.38196 234.478 2.29149 229.879 2.36178 225.953 2.42565 229.417 2.33569 231.449 2.3098 230.877 2.23298 229.089 2.28524
0 2 38 221.03 34.5787 218.641 35.5994 219.861 33.7909 216.763 37.2454 216.455 35.8106 218.821 33.6212 217.212 36.7742 211.88 37.5393 222.032 38.3363 211.665 39.3731 216.717 38.9602 218.189 36.2397 215.48 33.5821
0 2 39 225.511 2.23788 228.461 2.25192 229.861 2.25552 226.594 2.19387 228.416 2.1565 221.033 2.24424 224.361 2.18106 228.809 2.52981 226.658 2.46435 224.081 2.34086 222.294 2.22869 222.679 2.19887 218.871 2.14361
0 2 40 217.557 34.5249 213.733 35.3439 212.501 33.7967 214.077 37.3132 213.837 35.8346 213.922 33.509 214.833 36.7644 210.52 37.778 212.544 38.4449 210.283 38.9622 216.086 38.9851 215.425 35.8038 208.075 33.0902
0 2 41 227.07 2.35952 225.318 2.25332 220.291 2.24699 223.447 2.08677 221.634 2.13439 221.521 2.16381 227.199 2.34181 221.034 2.08653 225.797 2.27199 220.116 2.23045 219.729 2.24767 221.71 2.23942 224.897 2.24095
0 2 42 208.667 30.6842 215.116 31.5673 210.964 30.0645 208.149 32.878 210.314 31.5133 213.348 29.6982 204.1 32.8906 210.124 33.6914 208.001 33.9665 207.84 34.6919 209.597 33.8503 207.908 31.9213 207.329 29.5017
0 2 43 227.069 2.19073 221.128 2.33488 230.521 2.24541 220.298 2.20173 221.377 2.13306 224.45 2.17604 225.386 2.31302 217.41 2.20607 223.775 2.27217 224.739 2.32738 230.55 2.36948 224.716 2.22924 221.703 2.10987
0 2 44 223.664 34.0769 228.299 35.0408 218.165 33.4184 218.977 36.687 220.643 35.419 222.209 33.0236 223.094 36.613 221.415 37.8558 223.374 38.338 223.318 38.6705 224.869 38.0612 232.806 35.7481 226.733 33.2398
0 2 45 229.864 2.41659 238.061 2.27519 234.806 2.30582 226.383 2.3518 234.493 2.27291 234.205 2.4071 227.773 2.20509 230.721 2.35832 230.14 2.49635 237.877 2.33932 228.409 2.21634 230.049 2.3927 237.143 2.31447
0 2 46 208.708 34.1163 212.908 34.9714 216.148 34.0756 218.605 36.9835 214.166 35.5095 211.197 33.0129 215.559 36.6045 215.069 37.6981 213.174 37.7908 215.83 38.8435 215.294 38.1834 216.565 35.6874 209.172 33.2782
0 2 47 228.515 2.30462 227.467 2.29991 230.634 2.33299 225.89 2.32036 224.068 2.27 223.453 2.18343 223.079 2.21475 232.67 2.32957 227.462 2.41765 230.215 2.36722 227.236 2.33315 228.581 2.34159 223.925 2.19946
0 2 48 218.717 34.6164 213.705 35.2608 217.798 33.6836 219.775 36.9394 213.643 35.6379 217.704 33.2038 219.021 36.4394 220.207 37.7498 217.256 38.0248 214.824 38.8078 218.764 38.5347 215.762 35.6878 218.708 33.5873
0 2 49 225.468 2.30507 223.451 2.1446 230.68 2.30944 229.206 2.39337 219.948 2.14642 221.859 2.11613 227.681 2.2325 229.482 2.28132 222.459 2.23406 226.088 2.29352 226.987 2.41246 230.495 2.40583 225.829 2.23743
0 2 50 220.295 34.3602 212.933 35.1952 215.54 33.681 213.485 36.8124 216.132 35.5947 219.875 33.0346 214.781 36.4027 209.911 37.5311 219.835 38.135 216.597 38.6787 219.322 38.2306 220.824 35.4852 216.047 33.1986
0 2 51 229.084 2.20742 223.215 2.28753 224.681 2.29191 228.585 2.35687 226.058 2.30471 222.713 2.12699 227.333 2.34302 220.619 2.15242 222.874 2.44207 216.816 2.31829 225.086 2.23601 220.561 2.21565 227.658 2.25722
0 2 52 211.416 18.0058 215.365 18.2811 216.083 17.1427 212.585 19.3478 219.118 18.154 218.451 17.7566 212.428 19.1428 213.426 20.0167 218.222 20.6013 216.42 20.6423 215.191 19.4853 216.217 18.2798 216.781 16.9566
0 2 53 230.539 2.38908 225.448 2.34462 230.226 2.33148 226.499 2.25843 232.942 2.37694 230.714 2.3659 221.927 2.19613 220.758 2.16669 225.539 2.3601 230.025 2.36513 227.506 2.20259 227.525 2.23248 221.504 2.30664
0 2 54 214.993 34.6748 218.744 35.8903 214.392 33.8854 215.03 37.5643 213.695 36.2752 212.959 33.9473 213.831 37.2156 214.381 38.1285 215.294 38.4025 216.367 39.8606 217.509 39.1223 209.036 36.4035 216.465 33.7912
0 2 55 227.243 2.27402 226.439 2.39471 223.12 2.27203 224.074 2.24715 229.438 2.45018 226.122 2.37053 229.75 2.28235 220.305 2.19263 228.338 2.41734 224.42 2.29851 230.58 2.4233 228.311 2.40022 231.532 2.438
0 2 56 208.163 34.3575 210.859 35.665 205.844 33.916 208.695 36.9589 210.408 35.7038 208.842 33.3457 210.338 36.849 211.704 37.6429 208.988 37.7797 209.228 39.2247 203.632 38.5029 211.59 35.926 214.857 33.5351
0 2 57 228.272 2.25878 226.487 2.28617 229.358 2.23435 221.759 2.22533 219.999 2.10731 220.065 2.1578 225.074 2.3218 224.812 2.42935 216.064 2.33307 229.141 2.41351 224.496 2.32154 219.334 2.33405 234.11 2.35884
0 2 58 213.303 34.0412 209.052 34.7317 214.482 33.217 213.687 36.7004 216.952 35.5802 208.226 33.0544 208.107 35.9544 207.407 37.2543 212.165 37.5428 214.341 38.476 206.294 37.983 214.234 35.4751 213.415 33.0223
0 2 59 226.564 2.24339 225.209 2.28807 218.697 2.23748 224.907 2.19977 224.756 2.29341 223.729 2.37557 215.459 2.14616 221.838 2.23346 212.725 2.32276 217.562 2.23512 215.312 2.22906 216.425 2.20092 224.775 2.22888
0 2 60 221.867 2.21667 220.904 2.25022 232.372 2.37804 223.784 2.24312 222.983 2.18501 226.827 2.3131 229.259 2.34571 220.42 2.27231 221.411 2.36864 218.682 2.40852 226.212 2.40859 227.418 2.41869 224.626 2.17647
0 2 61 221.989 2.34564 222.103 2.30888 215.611 2.28014 223.865 2.14308 217.48 2.1873 219.25 2.12014 220.086 2.21868 224.339 2.27889 221.947 2.30373 218.584 2.22521 221.023 2.23563 220.964 2.20411 216.417 2.08508
0 2 62 210.122 18.3345 202.808 18.4544 211.444 17.8231 205.343 19.8509 207.578 18.3596 204.16 17.8076 211.286 19.8065 205.14 20.5761 210.42 20.7839 213.881 20.6226 211.471 19.7443 209.783 18.3632 214.451 17.3363
0 2 63 223.938 2.28021 224.138 2.28363 220.491 2.31318 224.784 2.22167 224.205 2.16677 219.456 2.23409 218.754 2.17663 220.898 2.11937 223.194 2.24036 228.764 2.29298 223.647 2.23337 221.558 2.37149 222.671 2.19344
0 3 0 186.122 34.7053 185.001 35.7837 193.703 34.4263 197.379 37.4713 188.129 36.0523 180.158 34.3361 187.674 36.8469 189.218 37.4843 191.77 37.8997 189.514 39.0861 196.2 38.682 187.644 36.7331 191.77 33.7698
0 3 1 202.409 2.27664 203.967 2.24522 204.318 2.23409 197.875 2.28876 207.578 2.17274 207.104 2.22549 208.655 2.18393 204.258 2.3138 204.854 2.36117 208.98 2.38888 205.013 2.39931 199.943 2.18108 201.78 2.19386
0 3 2 185.209 34.6536 182.115 35.5891 186.004 34.5497 190.225 37.7057 187.892 36.2652 186.929 34.3425 190.89 37.3897 188.26 38.1765 190.762 38.442 186.455 39.3364 188.363 38.9126 187.486 37.1854 185.49 33.7864
0 3 3 216.454 2.3135 216.339 2.36867 212.834 2.51388 213.959 2.3038 213.02 2.16905 213.919 2.3863 217.811 2.36784 209.628 2.30521 208.885 2.37306 210.6 2.4115 212.191 2.33384 213.542 2.25651 212.831 2.22456
0 3 4 193.727 35.4004 193.388 36.0741 192.849 34.7753 193.669 38.3012 187.241 36.7683 191.885 34.6295 195.461 37.5484 197.32 38.7102 194.196 38.6359 197.76 39.8732 198.473 39.4642 193.182 37.1317 189.727 34.5711
0 3 5 210.904 2.31329 205.9 2.40883 210.197 2.27056 209.983 2.10528 210.28 2.31532 216.507 2.39685 217.565 2.30748 208.899 2.38916 212.257 2.36158 211.969 2.44181 210.331 2.34931 212.778 2.34613 213.381 2.3286
0 3 6 189.768 34.6912 190.701 35.166 185.071 34.1825 197.028 37.6497 187.993 35.9842 190.459 34.4526 189.625 36.9765 188.152 37.8384 190.202 38.0702 188.796 38.7152 188.853 38.3075 188.805 36.5902 186.727 33.8289
0 3 7 212.984 2.36414 211.459 2.32618 217.175 2.3269 212.761 2.29516 215.361 2.23919 211.99 2.38188 209.056 2.26272 220.466 2.3966 210.801 2.39363 215.032 2.43549 217.337 2.40958 212.255 2.33265 212.987 2.33703
0 3 8 180.866 34.7625 180.177 34.9727 182.607 34.129 186.64 37.3236 186.9 36.467 184.856 34.6179 185.021 37.281 186.131 38.1627 185.203 38.3782 185.395 39.1417 181.296 38.6369 186.768 36.8216 185.137 34.0605
0 3 9 209.13 2.30107 207.112 2.12556 199.866 2.2107 204.422 2.26992 210.366 2.32059 206.829 2.25249 212.548 2.23419 205.22 2.23107 208.38 2.37961 207.549 2.35039 199.973 2.35255 202.277 2.26303 211.904 2.29513
0 3 10 195.451 19.1778 191.472 19.3134 191.62 18.5415 195.553 20.8014 189.282 19.0843 188.231 18.8314 193.76 20.6 193.832 21.4363 186.537 21.6371 189.022 21.6894 197.363 20.6552 191.383 19.6229 195.801 18.2062
0 3 11 202.708 2.27459 206.549 2.23552 201.205 2.28261 210.173 2.26811 202.738 2.23078 203.184 2.31095 204.455 2.3005 202.647 2.34739 205.589 2.40478 199.085 2.32533 201.075 2.33278 205.931 2.3687 207.285 2.22224
0 3 12 185.162 19.7153 187.118 19.693 185.411 19.1482 179.733 21.6156 184.5 19.6782 181.901 19.803 184.817 21.9702 187.696 22.5753 184.013 22.5268 185.903 22.063 189.138 21.1977 186.964 20.4421 186.653 18.5914
0 3 13 214.285 2.2518 208.77 2.24247 211.181 2.3875 210.044 2.198 209.61 2.29118 210.366 2.294 211.389 2.29329 208.625 2.26254 215.765 2.43365 210.578 2.38116 207.563 2.31014 209.753 2.35011 216.593 2.31149
0 3 14 202.911 34.4436 202.379 35.1874 198.671 34.4899 203.935 37.6198 194.386 35.6825 187.999 33.7563 202.84 36.8803 196.526 37.9777 203.196 38.2941 199.173 38.9752 194.731 38.5799 199.085 36.6393 199.918 33.4718
0 3 15 211.574 2.39842 204.285 2.25167 207.623 2.25269 213.145 2.271 205.049 2.22581 204.139 2.18406 212.711 2.2781 213.436 2.26896 214.061 2.36551 210.704 2.35261 211.299 2.30974 209.393 2.34422 212.677 2.20904
0 3 16 190.24 34.8802 195.728 35.628 193.904 34.4412 201.251 37.958 190.582 36.1562 197.877 33.9907 196.401 36.8739 194.203 38.0024 196.472 38.1467 190.195 39.2713 190.508 38.6139 191.877 36.5281 196.808 33.7854
0 3 17 217.624 2.31127 217.984 2.26732 208.954 2.23659 215.53 2.38453 217.728 2.24732 209.692 2.17479 213.592 2.26714 217.193 2.2754 215.526 2.43648 214.837 2.49244 218.199 2.44614 216.956 2.48485 213.014 2.20549
0 3 18 199.044 34.6094 199.237 35.3259 190.877 34.4542 189.849 37.1721 194.561 35.618 190.819 33.7864 186.631 36.3901 199.917 37.9735 195.759 38.2213 192.845 38.6718 195.519 38.4864 193.339 36.896 193.444 33.6076
0 3 19 215.052 2.27071 214.403 2.39533 220.369 2.32934 223.357 2.30421 217.686 2.2608 219.691 2.37034 221.94 2.26167 215.318 2.20967 215.602 2.34703 220.647 2.56282 216.999 2.30826 212.179 2.3228 219.643 2.3544
0 3 20 190.745 15.4119 189.663 15.797 187.893 14.988 188.107 16.1459 189.513 15.17 194.026 14.7483 188.127 15.9814 194.511 17.1231 192.456 17.7898 193.921 16.8239 196.217 16.2372 185.646 15.3556 190.446 14.7253
0 3 21 217.763 2.2506 219.074 2.27321 218.411 2.28437 226.401 2.20286 219.014 2.29848 221.38 2.2235 213.871 2.33049 218.622 2.32444 218.308 2.37183 222.341 2.39677 214.814 2.3269 215.442 2.28522 214.63 2.2808
0 3 22 208.984 38.2435 203.408 40.3473 208.377 40.0721 202.774 41.387 207.525 39.9033 199.644 38.013 205.873 39.5277 197.845 41.3353 199.161 42.9325 202.387 43.2091 202.522 43.9882 201.638 41.5322 200.555 37.6023
0 3 23 216.249 2.36954 222.874 2.33402 223.74 2.23858 216.228 2.35315 213.536 2.37098 223.238 2.3469 211.474 2.18535 218.257 2.35802 221.415 2.47623 221.461 2.47083 216.629 2.31549 218.463 2.32796 216.315 2.36523
0 3 24 202.232 34.5328 198.981 35.0394 197.191 34.1123 202.607 37.3244 198.139 35.8767 199.229 34.16 197.16 36.6967 202.247 38.0764 200.867 38.1216 205.643 38.9833 200.635 39.121 197.66 36.6184 201.371 33.7154
0 3 25 209.976 2.37554 212.839 2.35791 211.662 2.22772 208.731 2.14406 202.367 2.16073 209.714 2.23076 208.525 2.19125 210.018 2.23371 211.699 2.28264 206.884 2.34813 212.597 2.24896 207.459 2.38632 212.862 2.35135
0 3 26 196.192 34.8362 195.347 35.832 199.622 34.5469 201.222 37.6282 201.04 36.1208 196.779 34.3896 194.851 37.0595 199.464 38.2514 196.158 38.3646 206.365 39.1361 199.43 39.178 206.149 36.7297 202.749 33.8146
0 3 27 201.392 2.31762 206.145 2.31636 199.027 2.27863 204.338 2.22083 197.178 2.14339 204.919 2.22385 197.382 2.28355 199.704 2.35122 205.351 2.32133 196.772 2.40131 203.073 2.3534 201.23 2.30876 207.523 2.34058
0 3 28 204.519 38.6391 206.42 39.9131 193.648 39.7039 205.366 41.8553 204.465 39.8226 206.463 39.2616 196.741 40.0852 203.502 42.4636 208.189 43.0928 200.813 43.5866 205.15 44.226 207.78 41.449 204.514 38.2821
0 3 29 219.225 2.30932 219.513 2.29885 221.15 2.34295 213.332 2.16948 218.934 2.17678 219.845 2.13424 216.08 2.22662 220.463 2.4208 223.32 2.32985 212.915 2.29299 219.05 2.32572 210.702 2.20861 221.705 2.46481
0 3 30 192.574 34.1513 191.381 35.203 188.518 34.4989 189.975 37.2626 183.152 35.9722 192.922 33.9304 186.153 36.4188 189.095 37.5393 188.873 37.8575 186.186 38.711 193.364 38.8963 186.636 36.8796 193.767 33.7511
0 3 31 230.528 2.24857 229.206 2.38231 227.996 2.30886 226.013 2.28927 225.769 2.21757 227.226 2.14045 222.429 2.35882 226.283 2.37476 225.646 2.3726 223.315 2.46121 235.914 2.23086 229.27 2.28063 225.432 2.35235
0 3 32 196.948 34.7551 197.64 35.4635 197.117 34.5091 195.058 36.9364 198.46 36.4503 195.7 34.1839 198.913 37.2793 194.994 37.9624 193.912 38.1088 201.802 39.619 196.066 39.0327 196.501 36.661 202.863 34.1482
0 3 33 220.924 2.37506 222.07 2.40175 220.38 2.29202 215.412 2.41396 219.614 2.24895 219.612 2.27676 220.957 2.28721 214.78 2.34216 213.291 2.38878 214.309 2.37847 210.938 2.31366 221.651 2.33195 226.167 2.32292
0 3 34 199.672 35.0949 205.715 36.0766 206.588 34.8043 201.35 37.5673 206.442 36.68 200.46 34.1829 205.575 37.5292 207.626 39.037 202.721 38.9251 210.953 39.8246 203.862 39.6105 213.039 37.2063 205.727 34.3522
0 3 35 206.748 2.31919 208.725 2.34926 208.131 2.22826 211.662 2.19056 212.464 2.26052 207.045 2.20489 211.735 2.27194 204.877 2.4164 212.556 2.34611 212.038 2.42093 215.958 2.39898 212.069 2.39041 213.46 2.324
0 3 36 198.449 35.1672 199.455 35.8449 205.49 34.5421 204.536 37.5499 200.604 36.833 205.084 34.5537 198.858 37.4917 200.089 38.423 205.23 38.7773 203.6 39.9307 206.482 39.6165 199.908 37.334 201.282 34.4558
0 3 37 206.402 2.30817 207.852 2.16905 203.872 2.20703 208.832 2.16466 208.218 2.19302 211.955 2.2895 206.388 2.29945 201.489 2.33074 207.661 2.41139 215.559 2.40617 210.953 2.21552 214.207 2.31837 209.155 2.25334
0 3 38 190.732 34.862 191.737 35.5331 199.892 34.8125 192.463 37.5789 191.764 36.4004 199.036 34.6044 191.471 37.0383 199.109 38.4825 200.45 39.0452 194.004 39.6322 193.758 39.3507 189.08 36.9132 194.484 34.2488
0 3 39 215.742 2.34617 218.009 2.32652 215.036 2.2915 216.284 2.35409 225.983 2.27 223.042 2.23892 217.917 2.29735 214.488 2.24329 216.137 2.36541 218.486 2.35272 220.099 2.34203 218.126 2.38446 214.843 2.37561
0 3 40 210.047 36.1033 200.308 36.2868 201.11 34.7587 199.208 37.7919 196.165 36.6578 196.131 34.7473 200.76 37.7369 208.964 39.0656 208.607 38.9321 203.665 40.2498 197.778 40.0823 202.692 37.0832 203.582 34.5877
0 3 41 212.687 2.29585 211.105 2.4029 208.085 2.34811 215.064 2.36238 213.347 2.27539 212.189 2.35939 216.878 2.41439 209.667 2.28359 213.639 2.39145 212.029 2.37218 216.577 2.33941 215.123 2.34945 211.508 2.32736
0 3 42 201.001 35.2721 200.206 35.7556 201.145 34.2935 198.729 37.7663 200.63 36.8404 195.756 34.7241 194.3 37.1984 197.931 38.7775 199.56 38.6161 203.135 40.1661 203.016 39.3754 201.759 37.2465 200.694 34.6438
0 3 43 219.378 2.33475 220.336 2.41947 218.782 2.37474 215.044 2.33752 215.484 2.35223 217.614 2.41106 219.352 2.31108 215.196 2.33031 215.915 2.43785 214.319 2.36631 218.924 2.33921 224.105 2.39001 218.499 2.40145
0 3 44 193.393 35.5662 195.89 36.1662 197.368 34.685 198.782 37.9084 197.006 36.7643 195.322 34.5996 187.838 37.1332 195.999 38.4673 198.876 38.5623 201.529 39.664 192.878 39.5103 201.676 37.3012 195.742 34.1331
0 3 45 210.78 2.33346 207.629 2.21861 212.261 2.33158 214.325 2.23807 207.887 2.22869 212.768 2.36289 213.12 2.30503 205.45 2.39144 213.813 2.36879 209.958 2.38522 211.645 2.39701 216.762 2.37589 223.227 2.31624
0 3 46 202.269 35.8401 205.355 36.9415 205.527 35.5098 207.572 38.0971 202.212 37.6669 201.353 35.0105 202.169 38.2731 202.274 39.1637 205.715 38.8654 193.818 40.2347 203.301 40.075 204.63 37.4104 198.548 34.5383
0 3 47 213.399 2.33884 210.249 2.3404 215.513 2.44718 215.493 2.32804 218.023 2.30093 213.795 2.33113 210.821 2.44383 215.902 2.39539 219.836 2.51011 212.896 2.41264 213.317 2.38592 212.042 2.43886 216.157 2.37263
0 3 48 196.897 19.2373 193.328 19.8567 184.721 18.3145 192.538 21.1418 186.841 19.2155 194.762 19.0685 193.542 20.8098 193.051 22.113 191.342 22.2546 189.994 21.9853 197.338 20.4391 194.052 19.055 191.969 18.2599
0 3 49 207.681 2.26115 202.154 2.21178 205.675 2.4042 207.129 2.28693 204.536 2.29793 210.226 2.32756 207.99 2.4115 199.058 2.31077 203.12 2.31135 202.704 2.52085 208.263 2.34776 202.539 2.27492 207.976 2.31508
0 3 50 196.797 35.5496 192.962 35.9559 198.766 34.9812 199.02 38.2771 198.457 36.9477 190.358 34.6982 193.664 37.0762 199.571 38.4451 197.876 38.9223 195.425 39.977 189.043 39.3336 199.917 37.2974 201.86 34.532
0 3 51 199.598 2.25868 209.214 2.24372 204.84 2.23098 207.907 2.1672 207.863 2.33532 208.978 2.27649 205.714 2.23664 207.536 2.36901 202.709 2.39978 204.287 2.36796 205.532 2.43092 207.648 2.42325 213.127 2.28127
0 3 52 196.817 34.7531 194.866 36.186 189.366 34.6973 197.567 37.8088 187.428 36.0393 193.612 34.564 186.26 36.8724 190.736 38.3649 193.335 38.056 192.439 39.9204 192.672 39.9094 195.316 37.3719 192.856 33.8754
0 3 53 209.23 2.38735 212.743 2.46294 214.126 2.30928 212.234 2.37958 210.65 2.3738 210.284 2.26036 214.618 2.44686 216.493 2.35568 213.439 2.35219 213.425 2.38494 209.963 2.44391 208.868 2.3312 208.475 2.2676
0 3 54 185.567 34.6574 191.145 35.2502 193.16 34.2035 190.372 37.4969 186.337 36.0968 187.402 34.2694 189.813 37.1066 186.339 37.9518 192.475 38.3536 192.672 38.956 187.672 38.7919 191.872 37.0188 191.559 33.8025
0 3 55 221.767 2.56615 222.122 2.30133 218.184 2.2358 216.9 2.39499 220.262 2.28455 221.306 2.23587 220.644 2.42138 219.742 2.42952 222.039 2.52355 219.761 2.39267 220.999 2.4439 221.933 2.50504 214.458 2.26859
0 3 56 191.825 34.4514 181.68 34.8544 192.402 33.8883 188.742 37.111 183.114 35.5438 185.731 33.9144 184.126 36.4117 192.607 38.0644 189.137 38.0833 187.102 38.7254 183.158 38.7374 190.925 36.472 185.63 33.4747
0 3 57 218.293 2.39959 214.656 2.29932 213.847 2.39289 219.302 2.46461 217.234 2.42163 211.505 2.24747 219.813 2.28651 212.222 2.3696 215.209 2.41556 223.511 2.37812 213.909 2.42923 213.029 2.3323 217.905 2.38837
0 3 58 201.278 34.708 197.869 35.7214 197.114 34.3602 193.724 37.5574 192.793 36.3301 198.463 33.9102 197.285 37.0966 186.784 37.7982 194.699 37.9685 192.52 38.7245 194.669 39.3489 197.587 36.8839 196.949 34.1479
0 3 59 207.91 2.32709 205.99 2.2532 205.904 2.28488 209.951 2.2313 204.15 2.11257 212.787 2.28951 199.967 2.29019 212.914 2.35466 210.05 2.42619 204.12 2.38902 204.57 2.30806 212.446 2.24862 206.936 2.27307
0 3 60 191.189 13.4047 195.273 13.6223 191.591 13.2021 193.585 14.5131 193.744 13.5303 186.66 13.6261 194.162 14.5547 197.739 15.2252 187.072 15.5396 193.123 14.7976 193.862 14.4312 191.102 13.6563 189.658 12.5954
0 3 61 204.744 2.37029 202.65 2.27492 207.958 2.32035 201.633 2.18986 206.429 2.36897 199.736 2.36567 203.674 2.17925 202.412 2.2899 205.7 2.42054 200.862 2.41974 202.945 2.32346 201.848 2.39556 206.9 2.38696
0 3 62 193.907 34.9397 195.279 35.8608 191.482 34.9424 194.087 37.5902 191.212 36.5 196.861 34.4743 191.835 37.0033 194.077 38.053 198.232 38.6263 198.599 40.0437 195.518 39.2489 193.869 36.9337 193.02 34.0101
0 3 63 210.668 2.34109 208.297 2.39291 202.656 2.21545 209.776 2.21735 207.785 2.16945 207.295 2.20212 206.681 2.29631 210.425 2.27053 214.572 2.3438 211.697 2.44658 208.83 2.29418 215.156 2.35024 209.322 2.17866
